0 20.365173728796137
50 -26.817054541114736
100 -27.422820834752013
150 -27.61280119461533
200 -27.708674515278965
250 -27.769940752175188
300 -27.81568514883815
350 -27.854062548926514
400 -27.889234141725282
450 -27.92361167657166
500 -27.95873671988231
550 -27.995664468485188
600 -28.035139256702898
650 -28.077675759085253
700 -28.123599303340846
750 -28.173073368566953
800 -28.22612835798072
850 -28.28269600042096
900 -28.342647312931582
950 -28.405829310003192
1000 -28.472095946564195
1050 -28.541330576567397
1100 -28.613459115072608
1150 -28.688454478282893
1200 -28.766333680155913
1250 -28.847149345928862
1300 -28.930977556393664
1350 -29.017903998708654
1400 -29.10801039248769
1450 -29.201362998917645
1500 -29.298004599056803
1550 -29.39795063152684
1600 -29.501189344312497
1650 -29.607685070129925
1700 -29.717383282975085
1750 -29.830216017041028
1800 -29.946106478627136
1850 -30.064972127514828
1900 -30.186725998080412
1950 -30.31127644767932
2000 -30.438525786139543
2050 -30.568368340640994
2100 -30.700688477094683
2150 -30.835358983492217
2200 -30.972240067814425
2250 -31.111179065409303
2300 -31.25201081415007
2350 -31.394558563707413
2400 -31.538635253280404
2450 -31.684045017304708
2500 -31.83058483763261
2550 -31.978046320086264
2600 -32.12621760690355
2650 -32.27488543720432
2700 -32.42383734601742
2750 -32.572863966208054
2800 -32.72176137895952
2850 -32.87033344904154
2900 -33.01839407596765
2950 -33.16576928685036
3000 -33.31229909192594
3050 -33.45783902427824
3100 -33.602261296255335
3150 -33.745455527637304
3200 -33.887329031205155
3250 -34.02780667356559
3300 -34.16683035665348
3350 -34.30435818431519
3400 -34.440363387661115
3450 -34.57483308344274
3500 -34.70776693347999
3550 -34.83917576212647
3600 -34.969080174616636
3650 -35.0975092033513
3700 -35.224498993141424
3750 -35.35009152159335
3800 -35.47433333865955
3850 -35.59727430128555
3900 -35.7189662762182
3950 -35.83946178722988
4000 -35.958812592664266
4050 -36.077068195184864
4100 -36.19427430700213
4150 -36.31047131867682
4200 -36.425692844496794
4250 -36.53996443771184
4300 -36.65330257915733
4350 -36.765714038118325
4400 -36.87719568208506
4450 -36.98773477356404
4500 -37.097309742951815
4550 -37.205891375624354
4600 -37.31344430877378
4650 -37.41992870709195
4700 -37.525301979922375
4750 -37.629520414898764
4800 -37.73254062942784
4850 -37.834320774874314
4900 -37.934821462398816
4950 -38.03400640916007
5000 -38.13184282626638
5050 -38.22830158466206
5100 -38.3233572026607
5150 -38.41698770042828
5200 -38.50917436396034
5250 -38.59990145551441
5300 -38.68915590038377
5350 -38.776926972432605
5400 -38.8632059938205
5450 -38.94798605845146
5500 -39.031261784267514
5550 -39.11302909668031
5600 -39.193285044058285
5650 -39.27202764590815
5700 -39.34925577471919
5750 -39.42496907285519
5800 -39.49916790593045
5850 -39.57185335350576
5900 -39.64302723660974
5950 -39.71269217966599
6000 -39.78085170218686
6050 -39.847510333465
6100 -39.91267374182757
6150 -39.9763488690985
6200 -40.03854406088138
6250 -40.09926918411038
6300 -40.158535724869026
6350 -40.2163568615038
6400 -40.272747510289896
6450 -40.32772434308241
6500 -40.38130577830658
6550 -40.43351194817289
6600 -40.48436464608746
6650 -40.53388725886844
6700 -40.582104688620426
6750 -40.629043269037496
6800 -40.674730680585995
6850 -40.71919586854584
6900 -40.762468967342684
6950 -40.80458123404566
7000 -40.845564993390795
7050 -40.885453596254514
7100 -40.92428139317423
7150 -40.96208372430967
7200 -40.99889692717146
7250 -41.034758363517824
7300 -41.06970646704137
7350 -41.10378081384013
7400 -41.1370222181992
7450 -41.169472856913785
7500 -41.20117642628282
7550 -41.232178337022475
7600 -41.26252595372891
7650 -41.29226888720338
7700 -41.321459349983186
7750 -41.35015258782619
7800 -41.378407402652115
7850 -41.406286785416206
7900 -41.43385868020961
7950 -41.461196902722925
8000 -41.48838223539552
8050 -41.51550371488031
8100 -41.542660108955296
8150 -41.569961539256255
8200 -41.597531125628535
8250 -41.62550637996926
8300 -41.65403982368464
8350 -41.683297901292754
8400 -41.71345669795719
8450 -41.74469233026429
8500 -41.777163507596924
8550 -41.810984412649404
8600 -41.846188828566724
8650 -41.88269198237771
8700 -41.92026325924798
8750 -41.95852567349882
8800 -41.996991019523385
8850 -42.03512376715969
8900 -42.072412426959275
8950 -42.1084254121
9000 -42.14283939579113
9050 -42.17544184784395
9100 -42.20611712358041
9150 -42.23482596669059
9200 -42.26158506531555
9250 -42.28644977269586
9300 -42.309500744995475
9350 -42.33083411150008
9400 -42.35055443809496
9450 -42.36876976342229
9500 -42.385588130484976
9550 -42.40111518999521
9600 -42.415452576189836
9650 -42.42869684566395
9700 -42.44093883114352
9750 -42.452263303169595
9800 -42.462748860235905
9850 -42.472467986891964
9900 -42.48148723289096
9950 -42.48986747660546
10000 -42.49766424383115
10050 -42.504928059435706
10100 -42.51170481448179
10150 -42.51803613570048
10200 -42.523959747667014
10250 -42.52950982084964
10300 -42.53471730095569
10350 -42.53961021677017
10400 -42.54421396504466
10450 -42.54855157201767
10500 -42.55264393189254
10550 -42.55651002312079
10600 -42.56016710368448
10650 -42.563630886780636
10700 -42.56691569841788
10750 -42.57003461846645
10800 -42.57299960668058
10850 -42.57582161515242
10900 -42.57851068857389
10950 -42.581076053585406
11000 -42.58352619838714
11050 -42.585868943683145
11100 -42.58811150592608
11150 -42.59026055373239
11200 -42.59232225824533
11250 -42.59430233813906
11300 -42.59620609987886
11350 -42.59803847378252
11400 -42.59980404636458
11450 -42.601507089388726
11500 -42.603151586003094
11550 -42.604741254288825
11600 -42.6062795685125
11650 -42.60776977833845
11700 -42.609214926226265
11750 -42.61061786321174
11800 -42.61198126324612
11850 -42.61330763624746
11900 -42.614599340000005
11950 -42.615858591021365
12000 -42.61708747450342
12050 -42.618287953420634
12100 -42.619461876888565
12150 -42.62061098784628
12200 -42.62173693012787
12250 -42.62284125498103
12300 -42.62392542708453
12350 -42.62499083011045
12400 -42.62603877187249
12450 -42.6270704890971
12500 -42.62808715185035
12550 -42.62908986765026
12600 -42.630079685291015
12650 -42.63105759840324
12700 -42.63202454877172
12750 -42.63298142943026
12800 -42.63392908755123
12850 -42.63486832714592
12900 -42.63579991159011
12950 -42.63672456598822
13000 -42.63764297938796
13050 -42.63855580685665
13100 -42.63946367142891
13150 -42.640367165935345
13200 -42.64126685472032
13250 -42.64216327525661
13300 -42.643056939664184
13350 -42.64394833613939
13400 -42.64483793030081
13450 -42.645726166457194
13500 -42.64661346880253
13550 -42.64750024254318
13600 -42.648386874961375
13650 -42.64927373641895
13700 -42.65016118130543
13750 -42.65104954893365
13800 -42.651939164386306
13850 -42.65283033931644
13900 -42.653723372704604
13950 -42.654618551575396
14000 -42.655516151675755
14050 -42.656416438117276
14100 -42.6573196659847
14150 -42.658226080912584
14200 -42.65913591963188
14250 -42.66004941048831
14300 -42.66096677393407
14350 -42.661888222994385
14400 -42.662813963710335
14450 -42.66374419555932
14500 -42.664679111854426
14550 -42.66561890012376
14600 -42.66656374247103
14650 -42.66751381591823
14700 -42.66846929273153
14750 -42.669430340731324
14800 -42.6703971235871
14850 -42.67136980109824
14900 -42.67234852946123
14950 -42.67333346152432
15000 -42.67432474703001
15050 -42.67532253284628
15100 -42.676326963187044
15150 -42.67733817982244
15200 -42.67835632227958
15250 -42.67938152803424
15300 -42.68041393269395
15350 -42.68145367017314
15400 -42.68250087286063
15450 -42.68355567178001
15500 -42.68461819674329
15550 -42.685688576498315
15600 -42.68676693887019
15650 -42.687853410897304
15700 -42.688948118962074
15750 -42.69005118891704
15800 -42.691162746206416
15850 -42.69228291598358
15900 -42.69341182322479
15950 -42.69454959283943
16000 -42.695696349777066
16050 -42.696852219131785
16100 -42.69801732624384
16150 -42.69919179679913
16200 -42.70037575692665
16250 -42.701569333294344
16300 -42.702772653203446
16350 -42.703985844681675
16400 -42.705209036575646
16450 -42.70644235864258
16500 -42.70768594164166
16550 -42.708939917425255
16600 -42.710204419030376
16650 -42.71147958077043
16700 -42.71276553832753
16750 -42.71406242884589
16800 -42.715370391026
16850 -42.716689565220335
16900 -42.71802009353054
16950 -42.7193621199063
17000 -42.72071579024623
17050 -42.72208125250087
17100 -42.72345865677811
17150 -42.7248481554511
17200 -42.726249903268894
17250 -42.727664057470115
17300 -42.72909077789953
17350 -42.73053022712809
17400 -42.73198257057622
17450 -42.73344797664078
17500 -42.7349266168257
17550 -42.73641866587657
17600 -42.737924301919016
17650 -42.739443706601506
17700 -42.74097706524212
17750 -42.742524566979874
17800 -42.74408640493045
17850 -42.74566277634651
17900 -42.74725388278273
17950 -42.748859930265624
18000 -42.750481129468255
18050 -42.75211769588993
18100 -42.75376985004104
18150 -42.755437817633016
18200 -42.757121829773695
18250 -42.75882212316799
18300 -42.7605389403242
18350 -42.76227252976595
18400 -42.76402314624987
18450 -42.765791050989364
18500 -42.76757651188448
18550 -42.76937980375806
18600 -42.77120120859857
18650 -42.77304101580968
18700 -42.774899522466995
18750 -42.776777033582256
18800 -42.77867386237533
18850 -42.7805903305545
18900 -42.78252676860552
18950 -42.784483516089935
19000 -42.7864609219534
19050 -42.788459344844625
19100 -42.79047915344586
19150 -42.792520726815695
19200 -42.79458445474534
19250 -42.79667073812951
19300 -42.79877998935313
19350 -42.80091263269547
19400 -42.80306910475322
19450 -42.80524985488431
19500 -42.80745534567463
19550 -42.80968605342972
19600 -42.811942468694006
19650 -42.81422509680027
19700 -42.816534458452445
19750 -42.8188710903449
19800 -42.82123554582209
19850 -42.82362839558232
19900 -42.82605022843011
19950 -42.82850165208197
20000 -42.83098329403065
20050 -42.83349580247364
20100 -42.836039847311895
20150 -42.83861612122563
20200 -42.84122534083419
20250 -42.84386824794806
20300 -42.84654561092105
20350 -42.84925822611222
20400 -42.85200691946709
20450 -42.85479254822886
20500 -42.85761600279123
20550 -42.86047820870512
20600 -42.8633801288529
20650 -42.86632276580467
20700 -42.86930716437237
20750 -42.87233441437914
20800 -42.87540565366251
20850 -42.8785220713321
20900 -42.88168491130427
20950 -42.884895476138325
21000 -42.8881551312016
21050 -42.89146530919339
21100 -42.894827515060925
21150 -42.89824333134443
21200 -42.90171442399249
21250 -42.905242548693465
21300 -42.90882955777468
21350 -42.91247740772695
21400 -42.91618816741961
21450 -42.919964027078976
21500 -42.92380730811322
21550 -42.92772047387689
21600 -42.931706141481115
21650 -42.93576709476931
21700 -42.939906298595176
21750 -42.94412691455745
21800 -42.94843231836846
21850 -42.952826119057065
21900 -42.95731218023563
21950 -42.9618946436928
22000 -42.966577955611484
22050 -42.971366895754684
22100 -42.97626661001188
22150 -42.9812826467566
22200 -42.986420997533116
22250 -42.99168814266908
22300 -42.99709110250215
22350 -43.00263749501721
22400 -43.00833560081755
22450 -43.014194436503885
22500 -43.02022383771422
22550 -43.026434553290756
22600 -43.032838352295315
22650 -43.03944814590089
22700 -43.046278126553446
22750 -43.05334392723731
22800 -43.06066280420035
22850 -43.068253847112175
22900 -43.07613822134523
22950 -43.08433944788155
23000 -43.092883727228255
23050 -43.101800314609264
23100 -43.11112195444902
23150 -43.12088538251363
23200 -43.13113190354609
23250 -43.14190804998549
23300 -43.15326632195668
23350 -43.16526599775868
23400 -43.177973983654255
23450 -43.19146563569939
23500 -43.20582542532938
23550 -43.22114722135636
23600 -43.23753380789151
23650 -43.25509503656622
23700 -43.27394372556104
23750 -43.2941881219398
23800 -43.31591960391059
23850 -43.339194664590366
23900 -43.36401161350692
23950 -43.390285274257295
24000 -43.41782681205051
24050 -43.44633855020954
24100 -43.47543181593154
24150 -43.50466782706023
24200 -43.53361096641917
24250 -43.56187790241667
24300 -43.58916923761212
24350 -43.61527957486464
24400 -43.640090281649165
24450 -43.663552773484795
24500 -43.68566932463514
24550 -43.70647575406309
24600 -43.72602780712517
24650 -43.744391419371
24700 -43.761636271078125
24750 -43.77783181968555
24800 -43.79304505405648
24850 -43.807339371568304
24900 -43.820774145648436
24950 -43.83340469124103
25000 -43.845282440419574
25050 -43.85645521339961
25100 -43.866967518573865
25150 -43.876860845864144
25200 -43.88617393633385
25250 -43.894943021820374
25300 -43.90320203423687
25350 -43.910982787095854
25400 -43.91831513297108
25450 -43.92522710081984
25500 -43.93174501680721
25550 -43.93789361178479
25600 -43.943696118032555
25650 -43.94917435735478
25700 -43.95434882216533
25750 -43.95923875081726
25800 -43.963862198123934
25850 -43.96823610177775
25900 -43.97237634518717
25950 -43.976297817113505
26000 -43.98001446838646
26050 -43.983539365903354
26100 -43.98688474406505
26150 -43.99006205376558
26200 -43.99308200902949
26250 -43.99595463137541
26300 -43.99868929197615
26350 -44.00129475168112
26400 -44.003779198964935
26450 -44.006150285866525
26500 -44.00841516198363
26550 -44.01058050658959
26600 -44.01265255894026
26650 -44.0146371468407
26700 -44.01653971354215
26750 -44.01836534304055
26800 -44.02011878384785
26850 -44.02180447130764
26900 -44.02342654852551
26950 -44.02498888598393
27000 -44.02649509990996
27050 -44.027948569462595
27100 -44.02935245280466
27150 -44.03070970212211
27200 -44.0320230776515
27250 -44.03329516077402
27300 -44.03452836623198
27350 -44.03572495352148
27400 -44.03688703751216
27450 -44.03801659834281
27500 -44.039115490638956
27550 -44.040185452096026
27600 -44.04122811146981
27650 -44.042244996012954
27700 -44.04323753839455
27750 -44.044207083137465
27800 -44.04515489260605
27850 -44.04608215257484
27900 -44.04698997740698
27950 -44.04787941486937
28000 -44.04875145060966
28050 -44.049607012318745
28100 -44.05044697360074
28150 -44.05127215757106
28200 -44.05208334020169
28250 -44.05288125343173
28300 -44.05366658805971
28350 -44.05443999643333
28400 -44.055202094951035
28450 -44.055953466388885
28500 -44.05669466206519
28550 -44.05742620385466
28600 -44.05814858606274
28650 -44.05886227717024
28700 -44.059567721457526
28750 -44.06026534051704
28800 -44.060955534662035
28850 -44.06163868423906
28900 -44.06231515085109
28950 -44.06298527849772
29000 -44.06364939463832
29050 -44.064307811183724
29100 -44.06496082542155
29150 -44.06560872087986
29200 -44.066251768133526
29250 -44.066890225557465
29300 -44.06752434003044
29350 -44.06815434759293
29400 -44.06878047406231
29450 -44.06940293560838
29500 -44.070021939291934
29550 -44.0706376835691
29600 -44.07125035876369
29650 -44.07186014750977
29700 -44.072467225166704
29750 -44.073071760208364
29800 -44.0736739145883
29850 -44.074273844082654
29900 -44.07487169861213
29950 -44.075467622544586
30000 -44.07606175497952
30050 -44.0766542300156
30100 -44.07724517700235
30150 -44.07783472077723
30200 -44.07842298188885
30250 -44.07901007680725
30300 -44.079596118122275
30350 -44.08018121473057
30400 -44.08076547201211
30450 -44.081348991996784
30500 -44.08193187352179
30550 -44.082514212380374
30600 -44.08309610146236
30650 -44.08367763088715
30700 -44.0842588881295
30750 -44.08483995813861
30800 -44.08542092345091
30850 -44.08600186429688
30900 -44.0865828587023
30950 -44.08716398258425
31000 -44.0877453098422
31050 -44.08832691244433
31100 -44.08890886050963
31150 -44.08949122238572
31200 -44.09007406472281
31250 -44.090657452544
31300 -44.09124144931208
31350 -44.091826116993
31400 -44.09241151611632
31450 -44.092997705832644
31500 -44.093584743968314
31550 -44.09417268707742
31600 -44.09476159049137
31650 -44.09535150836611
31700 -44.095942493726994
31750 -44.09653459851167
31800 -44.09712787361084
31850 -44.09772236890717
31900 -44.09831813331235
31950 -44.098915214802474
32000 -44.09951366045168
32050 -44.10011351646435
32100 -44.10071482820577
32150 -44.101317640231365
32200 -44.10192199631462
32250 -44.102527939473745
32300 -44.10313551199707
32350 -44.10374475546732
32400 -44.1043557107848
32450 -44.10496841818953
32500 -44.10558291728233
32550 -44.10619924704504
32600 -44.10681744585981
32650 -44.107437551527454
32700 -44.108059601285106
32750 -44.108683631823034
32800 -44.10930967930068
32850 -44.109937779362085
32900 -44.110567967150565
32950 -44.111200277322794
33000 -44.11183474406224
33050 -44.11247140109211
33100 -44.11311028168761
33150 -44.11375141868784
33200 -44.11439484450709
33250 -44.115040591145714
33300 -44.11568869020057
33350 -44.116339172875016
33400 -44.11699206998853
33450 -44.11764741198594
33500 -44.118305228946376
33550 -44.11896555059174
33600 -44.11962840629502
33650 -44.12029382508827
33700 -44.12096183567023
33750 -44.12163246641379
33800 -44.1223057453732
33850 -44.122981700291
33900 -44.123660358604766
33950 -44.12434174745373
34000 -44.12502589368508
34050 -44.12571282386024
34100 -44.1264025642609
34150 -44.127095140894916
34200 -44.127790579502125
34250 -44.12848890556001
34300 -44.12919014428922
34350 -44.12989432065906
34400 -44.13060145939287
34450 -44.131311584973275
34500 -44.13202472164741
34550 -44.13274089343209
34600 -44.13346012411887
34650 -44.13418243727911
34700 -44.13490785626894
34750 -44.135636404234255
34800 -44.13636810411561
34850 -44.13710297865314
34900 -44.13784105039138
34950 -44.138582341684184
35000 -44.13932687469952
35050 -44.140074671424316
35100 -44.14082575366923
35150 -44.141580143073554
35200 -44.14233786110993
35250 -44.14309892908916
35300 -44.143863368165114
35350 -44.144631199339415
35400 -44.14540244346631
35450 -44.14617712125753
35500 -44.14695525328704
35550 -44.14773685999594
35600 -44.14852196169728
35650 -44.14931057858095
35700 -44.15010273071854
35750 -44.150898438068204
35800 -44.15169772047963
35850 -44.15250059769892
35900 -44.153307089373506
35950 -44.1541172150572
36000 -44.1549309942151
36050 -44.15574844622866
36100 -44.15656959040069
36150 -44.15739444596052
36200 -44.15822303206896
36250 -44.159055367823605
36300 -44.159891472263936
36350 -44.1607313643766
36400 -44.161575063100685
36450 -44.16242258733308
36500 -44.16327395593389
36550 -44.1641291877319
36600 -44.164988301530215
36650 -44.165851316111784
36700 -44.16671825024525
36750 -44.167589122690735
36800 -44.16846395220581
36850 -44.16934275755156
36900 -44.170225557498796
36950 -44.17111237083437
37000 -44.17200321636773
37050 -44.172898112937474
37100 -44.17379707941833
37150 -44.17470013472802
37200 -44.17560729783462
37250 -44.176518587763915
37300 -44.17743402360709
37350 -44.178353624528675
37400 -44.179277409774684
37450 -44.18020539868105
37500 -44.18113761068241
37550 -44.18207406532108
37600 -44.18301478225648
37650 -44.18395978127475
37700 -44.18490908229888
37750 -44.18586270539906
37800 -44.186820670803485
37850 -44.18778299890957
37900 -44.18874971029555
37950 -44.18972082573248
38000 -44.19069636619676
38050 -44.19167635288305
38100 -44.19266080721768
38150 -44.193649750872545
38200 -44.19464320577951
38250 -44.195641194145274
38300 -44.19664373846686
38350 -44.197650861547544
38400 -44.19866258651332
38450 -44.19967893683005
38500 -44.20069993632099
38550 -44.20172560918505
38600 -44.202755980015525
38650 -44.203791073819446
38700 -44.20483091603752
38750 -44.20587553256465
38800 -44.20692494977098
38850 -44.20797919452373
38900 -44.20903829420935
38950 -44.210102276756444
39000 -44.211171170659256
39050 -44.212245005001634
39100 -44.21332380948173
39150 -44.21440761443709
39200 -44.21549645087041
39250 -44.21659035047584
39300 -44.217689345665704
39350 -44.21879346959791
39400 -44.219902756203744
39450 -44.221017240216135
39500 -44.22213695719849
39550 -44.22326194357392
39600 -44.22439223665486
39650 -44.22552787467316
39700 -44.22666889681058
39750 -44.22781534322948
39800 -44.2289672551041
39850 -44.230124674651925
39900 -44.23128764516543
39950 -44.23245621104408
40000 -44.233630417826504
40050 -44.234810312222905
40100 -44.235995942147596
40150 -44.23718735675166
40200 -44.23838460645574
40250 -44.23958774298285
40300 -44.24079681939119
40350 -44.24201189010704
40400 -44.24323301095747
40450 -44.24446023920313
40500 -44.24569363357079
40550 -44.24693325428578
40600 -44.248179163104275
40650 -44.249431423345285
40700 -44.250690099922465
40750 -44.25195525937556
40800 -44.25322696990162
40850 -44.254505301385706
40900 -44.25579032543144
40950 -44.25708211539086
41000 -44.25838074639406
41050 -44.25968629537819
41100 -44.260998841116084
41150 -44.26231846424423
41200 -44.26364524729027
41250 -44.26497927469994
41300 -44.26632063286333
41350 -44.26766941014062
41400 -44.26902569688718
41450 -44.27038958547797
41500 -44.271761170331445
41550 -44.27314054793263
41600 -44.27452781685569
41650 -44.27592307778586
41700 -44.27732643354069
41750 -44.27873798909067
41800 -44.2801578515793
41850 -44.28158613034259
41900 -44.28302293692799
41950 -44.2844683851128
42000 -44.2859225909222
42050 -44.2873856726467
42100 -44.2888577508594
42150 -44.29033894843288
42200 -44.291829390555826
42250 -44.29332920474954
42300 -44.29483852088444
42350 -44.29635747119654
42400 -44.29788619030404
42450 -44.299424815224285
42500 -44.300973485391054
42550 -44.30253234267231
42600 -44.304101531388795
42650 -44.30568119833328
42700 -44.30727149279095
42750 -44.30887256656094
42800 -44.31048457397924
42850 -44.312107671943224
42900 -44.31374201993806
42950 -44.315387780065045
43000 -44.317045117072354
43050 -44.31871419838836
43100 -44.32039519415771
43150 -44.32208827728064
43200 -44.32379362345563
43250 -44.32551141122586
43300 -44.327241822029706
43350 -44.32898504025569
43400 -44.33074125330211
43450 -44.33251065164178
43500 -44.33429342889244
43550 -44.336089781892646
43600 -44.3378999107843
43650 -44.33972401910155
43700 -44.34156231386678
43750 -44.34341500569407
43800 -44.345282308900366
43850 -44.347164441625026
43900 -44.34906162595786
43950 -44.3509740880762
44000 -44.352902058391464
44050 -44.35484577170544
44100 -44.35680546737676
44150 -44.35878138949788
44200 -44.360773787083055
44250 -44.36278291426744
44300 -44.36480903051775
44350 -44.36685240085484
44400 -44.368913296088465
44450 -44.37099199306435
44500 -44.37308877492404
44550 -44.37520393137768
44600 -44.37733775898987
44650 -44.37949056147892
44700 -44.381662650029625
44750 -44.38385434361984
44800 -44.38606596936077
44850 -44.388297862851594
44900 -44.390550368548176
44950 -44.39282384014633
45000 -44.39511864097973
45050 -44.397435144432876
45100 -44.399773734369205
45150 -44.40213480557493
45200 -44.40451876421895
45250 -44.40692602832931
45300 -44.40935702828709
45350 -44.411812207338244
45400 -44.41429202212459
45450 -44.4167969432349
45500 -44.419327455777605
45550 -44.42188405997665
45600 -44.42446727179231
45650 -44.42707762356942
45700 -44.42971566471518
45750 -44.43238196240985
45800 -44.43507710235339
45850 -44.43780168955208
45900 -44.440556349149304
45950 -44.443341727305445
46000 -44.44615849213239
46050 -44.449007334688645
46100 -44.45188897004196
46150 -44.45480413840703
46200 -44.457753606366275
46250 -44.4607381681833
46300 -44.46375864721856
46350 -44.46681589745836
46400 -44.469910805169036
46450 -44.473044290689096
46500 -44.47621731037335
46550 -44.479430858704006
46600 -44.48268597058507
46650 -44.4859837238374
46700 -44.48932524191352
46750 -44.49271169685215
46800 -44.496144312494586
46850 -44.4996243679864
46900 -44.50315320158975
46950 -44.50673221483406
47000 -44.51036287703466
47050 -44.51404673021216
47100 -44.51778539444783
47150 -44.52158057371425
47200 -44.525434062224235
47250 -44.52934775134591
47300 -44.53332363713746
47350 -44.53736382856161
47400 -44.541470556447656
47450 -44.54564618327835
47500 -44.54989321388978
47550 -44.554214307185674
47600 -44.55861228898327
47650 -44.563090166126514
47700 -44.56765114202496
47750 -44.57229863380329
47800 -44.577036291278354
47850 -44.58186801801891
47900 -44.5867979947888
47950 -44.59183070572876
48000 -44.59697096769747
48050 -44.60222396327027
48100 -44.60759527798774
48150 -44.613090942558195
48200 -44.618717480852936
48250 -44.62448196469532
48300 -44.63039207663991
48350 -44.636456182174626
48400 -44.64268341306554
48450 -44.64908376391266
48500 -44.6556682044106
48550 -44.662448810328144
48600 -44.66943891685776
48650 -44.676653298765956
48700 -44.68410838272909
48750 -44.69182249839776
48800 -44.699816176127555
48850 -44.70811250096166
48900 -44.71673753433732
48950 -44.725720817031586
49000 -44.735095968840504
49050 -44.74490140192012
49100 -44.75518116464825
49150 -44.76598592948412
49200 -44.77737412832457
49250 -44.78941321653048
49300 -44.80218100242935
49350 -44.81576689716881
49400 -44.830272797338566
49450 -44.84581308044668
49500 -44.86251284520216
49550 -44.88050307315615
49600 -44.89991093884116
49650 -44.920843385557696
49700 -44.94336296322715
49750 -44.96745760582188
49800 -44.993010710948695
49850 -45.01978280676641
49900 -45.04741703117949
49950 -45.07547373634068
50000 -45.10348656057791
50050 -45.131021831496426
50100 -45.15772303544855
50150 -45.18333142743565
50200 -45.20768482213512
50250 -45.23070271264377
50300 -45.25236624725275
50350 -45.27269891393043
50400 -45.2917507276437
50450 -45.309586564576364
50500 -45.32627818243659
50550 -45.34189909182392
50600 -45.35652145266609
50650 -45.37021432637435
50700 -45.38304279507832
50750 -45.395067613704725
50800 -45.40634517631424
50850 -45.41692765847729
50900 -45.42686325069448
50950 -45.43619643196304
51000 -45.44496825390375
51050 -45.45321661892814
51100 -45.46097654379571
51150 -45.4682804045643
51200 -45.47515816162476
51250 -45.48163756501229
51300 -45.487744340977954
51350 -45.49350236117864
51400 -45.49893379597655
51450 -45.50405925333824
51500 -45.50889790475078
51550 -45.51346759946615
51600 -45.51778496826661
51650 -45.521865517824864
51700 -45.52572371662002
51750 -45.52937307326674
51800 -45.53282620802104
51850 -45.53609491814251
51900 -45.53919023771826
51950 -45.542122492488154
52000 -45.54490135015246
52050 -45.54753586659159
52100 -45.55003452838225
52150 -45.55240529195342
52200 -45.55465561969044
52250 -45.55679251326304
52300 -45.55882254442518
52350 -45.560751883509425
52400 -45.5625863258158
52450 -45.564331316075574
52500 -45.56599197115215
52550 -45.56757310112549
52600 -45.569079228892456
52650 -45.5705146084025
52700 -45.57188324163701
52750 -45.57318889443052
52800 -45.57443511122274
52850 -45.57562522882264
52900 -45.57676238925814
52950 -45.57784955177909
53000 -45.578889504074596
53050 -45.579884872761475
53100 -45.58083813319507
53150 -45.58175161865003
53200 -45.582627528914685
53250 -45.58346793833895
53300 -45.58427480337305
53350 -45.58504996963123
53400 -45.58579517851196
53450 -45.58651207340418
53500 -45.58720220550666
53550 -45.5878670392858
53600 -45.58850795759523
53650 -45.58912626647927
53700 -45.58972319968025
53750 -45.590299922868994
53800 -45.59085753761588
53850 -45.5913970851191
53900 -45.59191954970533
53950 -45.59242586211756
54000 -45.59291690260297
54050 -45.59339350381396
54100 -45.59385645353363
54150 -45.594306497237085
54200 -45.59474434049845
54250 -45.59517065125357
54300 -45.59558606192711
54350 -45.59599117143273
54400 -45.59638654705405
54450 -45.59677272621386
54500 -45.59715021813847
54550 -45.59751950542376
54600 -45.5978810455089
54650 -45.59823527206351
54700 -45.59858259629351
54750 -45.59892340817069
54800 -45.599258077590775
54850 -45.59958695546411
54900 -45.599910374743374
54950 -45.600228651391966
55000 -45.600542085296695
55050 -45.600850961128266
55100 -45.60115554915258
55150 -45.60145610599591
55200 -45.60175287536667
55250 -45.60204608873651
55300 -45.602335965982945
55350 -45.60262271599609
55400 -45.60290653725143
55450 -45.60318761835076
55500 -45.60346613853311
55550 -45.60374226815749
55600 -45.60401616915907
55650 -45.604287995480355
55700 -45.6045578934789
55750 -45.60482600231278
55800 -45.605092454305236
55850 -45.605357375289685
55900 -45.60562088493613
55950 -45.60588309706021
56000 -45.60614411991571
56050 -45.60640405647159
56100 -45.606663004674374
56150 -45.606921057696674
56200 -45.60717830417285
56250 -45.60743482842212
56300 -45.60769071066033
56350 -45.60794602720054
56400 -45.608200850643435
56450 -45.60845525005782
56500 -45.608709291151996
56550 -45.60896303643628
56600 -45.609216545377414
56650 -45.60946987454501
56700 -45.609723077750786
56750 -45.60997620618066
56800 -45.61022930852033
56850 -45.61048243107461
56900 -45.61073561788078
56950 -45.610988910816374
57000 -45.61124234970171
57050 -45.61149597239728
57100 -45.611749814896406
57150 -45.612003911413545
57200 -45.61225829446805
57250 -45.61251299496405
57300 -45.61276804226647
57350 -45.61302346427331
57400 -45.6132792874846
57450 -45.61353553706792
57500 -45.61379223692088
57550 -45.61404940973071
57600 -45.61430707703087
57650 -45.61456525925513
57700 -45.61482397578905
57750 -45.61508324501911
57800 -45.61534308437942
57850 -45.61560351039645
57900 -45.6158645387315
57950 -45.61612618422134
58000 -45.6163884609169
58050 -45.61665138212021
58100 -45.61691496041965
58150 -45.617179207723574
58200 -45.617444135292416
58250 -45.61770975376936
58300 -45.61797607320952
58350 -45.61824310310793
58400 -45.6185108524262
58450 -45.61877932961798
58500 -45.61904854265326
58550 -45.61931849904164
58600 -45.619589205854524
58650 -45.619860669746295
58700 -45.620132896974596
58750 -45.620405893419715
58800 -45.620679664603045
58850 -45.620954215704806
58900 -45.62122955158094
58950 -45.62150567677925
59000 -45.621782595554876
59050 -45.622060311885065
59100 -45.622338829483276
59150 -45.62261815181269
59200 -45.622898282099136
59250 -45.62317922334341
59300 -45.62346097833316
59350 -45.62374354965407
59400 -45.62402693970079
59450 -45.624311150687134
59500 -45.624596184656134
59550 -45.62488204348935
59600 -45.625168728916
59650 -45.625456242521594
59700 -45.62574458575621
59750 -45.62603375994244
59800 -45.62632376628295
59850 -45.62661460586774
59900 -45.6269062796811
59950 -45.627198788608226
60000 -45.62749213344158
60050 -45.62778631488696
60100 -45.62808133356936
60150 -45.62837719003847
60200 -45.62867388477403
60250 -45.62897141819094
60300 -45.6292697906441
60350 -45.62956900243306
60400 -45.62986905380653
60450 -45.63016994496658
60500 -45.63047167607277
60550 -45.63077424724598
60600 -45.63107765857224
60650 -45.631381910106185
60700 -45.63168700187451
60750 -45.63199293387926
60800 -45.632299706100866
60850 -45.63260731850119
60900 -45.63291577102629
60950 -45.63322506360923
61000 -45.63353519617258
61050 -45.63384616863094
61100 -45.63415798089328
61150 -45.63447063286522
61200 -45.634784124451116
61250 -45.63509845555622
61300 -45.63541362608852
61350 -45.63572963596067
61400 -45.636046485091754
61450 -45.636364173408964
61500 -45.63668270084921
61550 -45.63700206736067
61600 -45.637322272904214
61650 -45.637643317454824
61700 -45.63796520100289
61750 -45.63828792355546
61800 -45.6386114851374
61850 -45.63893588579256
61900 -45.63926112558484
61950 -45.639587204599096
62000 -45.639914122942244
62050 -45.64024188074403
62100 -45.64057047815794
62150 -45.640899915362
62200 -45.64123019255947
62250 -45.64156130997962
62300 -45.64189326787835
62350 -45.64222606653881
62400 -45.642559706271996
62450 -45.642894187417255
62500 -45.643229510342834
62550 -45.64356567544629
62600 -45.64390268315498
62650 -45.644240533926364
62700 -45.64457922824848
62750 -45.644918766640174
62800 -45.645259149651466
62850 -45.645600377863765
62900 -45.645942451890164
62950 -45.64628537237559
63000 -45.646629139997046
63050 -45.646973755463755
63100 -45.64731921951726
63150 -45.647665532931555
63200 -45.6480126965132
63250 -45.64836071110133
63300 -45.648709577567736
63350 -45.64905929681686
63400 -45.6494098697858
63450 -45.64976129744431
63500 -45.65011358079468
63550 -45.650466720871805
63600 -45.65082071874296
63650 -45.65117557550781
63700 -45.65153129229822
63750 -45.65188787027819
63800 -45.652245310643636
63850 -45.65260361462226
63900 -45.652962783473384
63950 -45.653322818487695
64000 -45.653683720987075
64050 -45.65404549232439
64100 -45.65440813388319
64150 -45.65477164707748
64200 -45.655136033351475
64250 -45.65550129417926
64300 -45.655867431064564
64350 -45.65623444554038
64400 -45.656602339168685
64450 -45.65697111354011
64500 -45.65734077027354
64550 -45.657711311015845
64600 -45.65808273744142
64650 -45.65845505125185
64700 -45.65882825417553
64750 -45.659202347967216
64800 -45.65957733440768
64850 -45.659953215303204
64900 -45.66032999248522
64950 -45.66070766780983
65000 -45.66108624315734
65050 -45.66146572043186
65100 -45.66184610156075
65150 -45.66222738849419
65200 -45.662609583204684
65250 -45.662992687686575
65300 -45.66337670395549
65350 -45.66376163404789
65400 -45.664147480020475
65450 -45.664534243949745
65500 -45.66492192793136
65550 -45.66531053407968
65600 -45.66570006452716
65650 -45.666090521423804
65700 -45.666481906936596
65750 -45.66687422324897
65800 -45.66726747256013
65850 -45.667661657084565
65900 -45.6680567790514
65950 -45.66845284070383
66000 -45.66884984429847
66050 -45.6692477921048
66100 -45.66964668640449
66150 -45.67004652949087
66200 -45.67044732366818
66250 -45.67084907125106
66300 -45.671251774563856
66350 -45.67165543593998
66400 -45.67206005772127
66450 -45.67246564225739
66500 -45.6728721919051
66550 -45.67327970902768
66600 -45.67368819599425
66650 -45.67409765517907
66700 -45.67450808896095
66750 -45.674919499722535
66800 -45.675331889849666
66850 -45.67574526173071
66900 -45.6761596177559
66950 -45.67657496031663
67000 -45.67699129180486
67050 -45.67740861461237
67100 -45.67782693113013
67150 -45.67824624374762
67200 -45.67866655485223
67250 -45.67908786682844
67300 -45.67951018205732
67350 -45.67993350291576
67400 -45.680357831775865
67450 -45.680783171004265
67500 -45.68120952296147
67550 -45.68163689000121
67600 -45.68206527446982
67650 -45.682494678705545
67700 -45.68292510503794
67750 -45.6833565557872
67800 -45.683789033263565
67850 -45.684222539766665
67900 -45.68465707758493
67950 -45.68509264899495
68000 -45.68552925626089
68050 -45.685966901633876
68100 -45.68640558735143
68150 -45.68684531563686
68200 -45.68728608869872
68250 -45.68772790873021
68300 -45.68817077790864
68350 -45.6886146983949
68400 -45.689059672332924
68450 -45.68950570184914
68500 -45.689952789052
68550 -45.69040093603146
68600 -45.69085014485849
68650 -45.69130041758463
68700 -45.6917517562415
68750 -45.692204162840405
68800 -45.692657639371845
68850 -45.693112187805134
68900 -45.69356781008803
68950 -45.69402450814629
69000 -45.69448228388338
69050 -45.69494113918007
69100 -45.69540107589411
69150 -45.69586209585998
69200 -45.69632420088852
69250 -45.696787392766694
69300 -45.69725167325737
69350 -45.69771704409902
69400 -45.69818350700557
69450 -45.69865106366615
69500 -45.69911971574501
69550 -45.69958946488131
69600 -45.70006031268899
69650 -45.700532260756745
69700 -45.70100531064785
69750 -45.701479463900206
69800 -45.70195472202625
69850 -45.70243108651297
69900 -45.70290855882197
69950 -45.70338714038941
70000 -45.70386683262624
70050 -45.70434763691817
70100 -45.70482955462588
70150 -45.705312587085146
70200 -45.705796735607024
70250 -45.70628200147807
70300 -45.70676838596063
70350 -45.70725589029301
70400 -45.70774451568988
70450 -45.70823426334255
70500 -45.708725134419325
70550 -45.70921713006594
70600 -45.709710251405944
70650 -45.71020449954116
70700 -45.71069987555217
70750 -45.711196380498826
70800 -45.711694015420775
70850 -45.71219278133808
70900 -45.71269267925176
70950 -45.71319371014451
71000 -45.71369587498124
71050 -45.71419917470993
71100 -45.714703610262255
71150 -45.71520918255435
71200 -45.71571589248764
71250 -45.716223740949644
71300 -45.71673272881484
71350 -45.71724285694553
71400 -45.71775412619275
71450 -45.71826653739724
71500 -45.71878009139043
71550 -45.719294788995384
71600 -45.71981063102788
71650 -45.72032761829751
71700 -45.72084575160867
71750 -45.72136503176179
71800 -45.721885459554414
71850 -45.722407035782396
71900 -45.72292976124115
71950 -45.723453636726774
72000 -45.72397866303746
72050 -45.724504840974646
72100 -45.725032171344395
72150 -45.72556065495871
72200 -45.72609029263692
72250 -45.72662108520703
72300 -45.727153033507136
72350 -45.727686138386886
72400 -45.72822040070888
72450 -45.728755821350205
72500 -45.72929240120386
72550 -45.729830141180344
72600 -45.730369042209105
72650 -45.73090910524017
72700 -45.73145033124567
72750 -45.73199272122141
72800 -45.732536276188526
72850 -45.73308099719503
72900 -45.73362688531751
72950 -45.734173941662704
73000 -45.7347221673692
73050 -45.735271563609075
73100 -45.7358221315896
73150 -45.73637387255492
73200 -45.736926787787695
73250 -45.737480878610896
73300 -45.738036146389405
73350 -45.73859259253184
73400 -45.739150218492185
73450 -45.739709025771546
73500 -45.7402690159199
73550 -45.74083019053777
73600 -45.741392551278
73650 -45.741956099847435
73700 -45.74252083800872
73750 -45.743086767581936
73800 -45.74365389044638
73850 -45.74422220854227
73900 -45.74479172387244
73950 -45.745362438504074
74000 -45.74593435457036
74050 -45.746507474272235
74100 -45.74708179988002
74150 -45.74765733373513
74200 -45.748234078251706
74250 -45.74881203591826
74300 -45.749391209299375
74350 -45.74997160103723
74400 -45.75055321385328
74450 -45.75113605054982
74500 -45.75172011401159
74550 -45.7523054072073
74600 -45.75289193319122
74650 -45.75347969510465
74700 -45.75406869617747
74750 -45.75465893972961
74800 -45.755250429172506
74850 -45.75584316801056
74900 -45.75643715984258
74950 -45.757032408363116
75000 -45.75762891736392
75050 -45.758226690735235
75100 -45.75882573246716
75150 -45.75942604665092
75200 -45.76002763748019
75250 -45.760630509252294
75300 -45.76123466636949
75350 -45.761840113340114
75400 -45.76244685477977
75450 -45.763054895412495
75500 -45.76366424007185
75550 -45.76427489370201
75600 -45.76488686135882
75650 -45.76550014821086
75700 -45.76611475954037
75750 -45.7667307007443
75800 -45.76734797733519
75850 -45.767966594942116
75900 -45.76858655931156
75950 -45.76920787630824
76000 -45.76983055191597
76050 -45.77045459223841
76100 -45.771080003499826
76150 -45.771706792045876
76200 -45.77233496434421
76250 -45.77296452698522
76300 -45.77359548668264
76350 -45.77422785027414
76400 -45.77486162472195
76450 -45.77549681711335
76500 -45.77613343466122
76550 -45.77677148470451
76600 -45.777410974708715
76650 -45.778051912266314
76700 -45.7786943050971
76750 -45.77933816104863
76800 -45.77998348809656
76850 -45.780630294344896
76900 -45.78127858802636
76950 -45.781928377502595
77000 -45.78257967126445
77050 -45.783232477932145
77100 -45.783886806255474
77150 -45.784542665113975
77200 -45.78520006351705
77250 -45.785859010604085
77300 -45.786519515644535
77350 -45.78718158803801
77400 -45.787845237314286
77450 -45.78851047313337
77500 -45.78917730528548
77550 -45.78984574369103
77600 -45.790515798400634
77650 -45.79118747959501
77700 -45.791860797584945
77750 -45.79253576281119
77800 -45.793212385844406
77850 -45.793890677385015
77900 -45.79457064826309
77950 -45.79525230943823
78000 -45.795935671999416
78050 -45.79662074716484
78100 -45.79730754628175
78150 -45.79799608082631
78200 -45.79868636240337
78250 -45.79937840274634
78300 -45.80007221371695
78350 -45.80076780730514
78400 -45.801465195628786
78450 -45.802164390933555
78500 -45.80286540559275
78550 -45.803568252107034
78600 -45.804272943104344
78650 -45.804979491339665
78700 -45.80568790969488
78750 -45.806398211178575
78800 -45.807110408925936
78850 -45.80782451619859
78900 -45.80854054638445
78950 -45.809258512997616
79000 -45.80997842967831
79050 -45.81070031019273
79100 -45.81142416843302
79150 -45.81215001841723
79200 -45.812877874289256
79250 -45.813607750318894
79300 -45.814339660901766
79350 -45.81507362055948
79400 -45.81580964393961
79450 -45.816547745815825
79500 -45.81728794108806
79550 -45.81803024478259
79600 -45.8187746720523
79650 -45.819521238176875
79700 -45.82026995856306
79750 -45.82102084874496
79800 -45.821773924384374
79850 -45.82252920127119
79900 -45.82328669532375
79950 -45.82404642258934
80000 -45.82480839924468
80050 -45.82557264159644
80100 -45.82633916608184
80150 -45.82710798926927
80200 -45.827879127859006
80250 -45.82865259868383
80300 -45.82942841870989
80350 -45.83020660503746
80400 -45.83098717490185
80450 -45.831770145674234
80500 -45.83255553486271
80550 -45.83334336011323
80600 -45.834133639210705
80650 -45.83492639008007
80700 -45.835721630787475
80750 -45.83651937954147
80800 -45.837319654694284
80850 -45.83812247474306
80900 -45.838927858331274
80950 -45.83973582425011
81000 -45.84054639143987
81050 -45.84135957899147
81100 -45.84217540614799
81150 -45.842993892306175
81200 -45.84381505701815
81250 -45.844638919992946
81300 -45.84546550109825
81350 -45.8462948203621
81400 -45.84712689797461
81450 -45.84796175428977
81500 -45.84879940982723
81550 -45.8496398852741
81600 -45.85048320148683
81650 -45.85132937949302
81700 -45.85217844049333
81750 -45.8530304058633
81800 -45.85388529715527
81850 -45.85474313610027
81900 -45.855603944609825
81950 -45.8564677447779
82000 -45.8573345588827
82050 -45.8582044093885
82100 -45.8590773189475
82150 -45.859953310401536
82200 -45.86083240678386
82250 -45.86171463132081
82300 -45.8626000074335
82350 -45.86348855873938
82400 -45.864380309053786
82450 -45.865275282391394
82500 -45.866173502967655
82550 -45.867074995200056
82600 -45.867979783709366
82650 -45.8688878933208
82700 -45.869799349065005
82750 -45.87071417617901
82800 -45.87163240010701
82850 -45.872554046501094
82900 -45.873479141221765
82950 -45.874407710338325
83000 -45.87533978012924
83050 -45.876275377082166
83100 -45.877214527894
83150 -45.87815725947058
83200 -45.87910359892643
83250 -45.8800535735841
83300 -45.88100721097351
83350 -45.881964538830985
83400 -45.88292558509817
83450 -45.88389037792069
83500 -45.884858945646634
83550 -45.885831316824834
83600 -45.88680752020289
83650 -45.88778758472506
83700 -45.88877153952987
83750 -45.88975941394746
83800 -45.89075123749686
83850 -45.89174703988286
83900 -45.89274685099282
83950 -45.893750700893136
84000 -45.89475861982554
84050 -45.89577063820322
84100 -45.896786786606654
84150 -45.8978070957793
84200 -45.898831596623026
84250 -45.89986032019342
84300 -45.90089329769483
84350 -45.90193056047533
84400 -45.90297214002142
84450 -45.90401806795263
84500 -45.90506837601602
84550 -45.90612309608048
84600 -45.907182260130966
84650 -45.908245900262685
84700 -45.90931404867516
84750 -45.910386737666244
84800 -45.911463999626214
84850 -45.91254586703174
84900 -45.91363237244
84950 -45.91472354848278
85000 -45.915819427860704
85050 -45.9169200433376
85100 -45.918025427734975
85150 -45.9191356139268
85200 -45.920250634834375
85250 -45.92137052342163
85300 -45.922495312690586
85350 -45.92362503567733
85400 -45.924759725448325
85450 -45.92589941509713
85500 -45.9270441377417
85550 -45.92819392652224
85600 -45.92934881459961
85650 -45.930508835154384
85700 -45.931674021386755
85750 -45.932844406516985
85800 -45.93402002378694
85850 -45.93520090646227
85900 -45.93638708783571
85950 -45.937578601231316
86000 -45.93877548000971
86050 -45.939977757574596
86100 -45.94118546738031
86150 -45.94239864294072
86200 -45.9436173178394
86250 -45.944841525741154
86300 -45.94607130040501
86350 -45.94730667569868
86400 -45.9485476856146
86450 -45.9497943642875
86500 -45.9510467460138
86550 -45.9523048652725
86600 -45.95356875674807
86650 -45.954838455355
86700 -45.95611399626432
86750 -45.957395414932016
86800 -45.95868274712939
86850 -45.95997602897549
86900 -45.96127529697151
86950 -45.96258058803739
87000 -45.96389193955038
87050 -45.965209389385926
87100 -45.96653297596058
87150 -45.96786273827723
87200 -45.969198715972446
87250 -45.97054094936615
87300 -45.971889479513436
87350 -45.97324434825873
87400 -45.974605598292115
87450 -45.975973273208
87500 -45.97734741756591
87550 -45.978728076953644
87600 -45.980115298052546
87650 -45.98150912870505
87700 -45.98290961798433
87750 -45.98431681626619
87800 -45.98573077530297
87850 -45.98715154829965
87900 -45.988579189991924
87950 -45.99001375672627
88000 -45.99145530654208
88050 -45.99290389925558
88100 -45.99435959654568
88150 -45.99582246204168
88200 -45.99729256141258
88250 -45.998769962458255
88300 -46.000254735202134
88350 -46.001746951985524
88400 -46.0032466875634
88450 -46.00475401920166
88500 -46.006269026775776
88550 -46.00779179287065
88600 -46.009322402881864
88650 -46.01086094511799
88700 -46.012407510904026
88750 -46.01396219468591
88800 -46.01552509413597
88850 -46.01709631025925
88900 -46.01867594750078
88950 -46.0202641138535
89000 -46.021860920966986
89050 -46.023466484256744
89100 -46.02508092301419
89150 -46.0267043605171
89200 -46.0283369241406
89250 -46.0299787454685
89300 -46.03162996040508
89350 -46.03329070928718
89400 -46.03496113699662
89450 -46.03664139307276
89500 -46.038331631825415
89550 -46.04003201244783
89600 -46.04174269912983
89650 -46.043463861171105
89700 -46.04519567309459
89750 -46.04693831475988
89800 -46.0486919714767
89850 -46.05045683411849
89900 -46.05223309923592
89950 -46.054020969170494
90000 -46.055820652168194
90050 -46.057632362493166
90100 -46.059456320541415
90150 -46.06129275295464
90200 -46.06314189273411
90250 -46.065003979354685
90300 -46.06687925887904
90350 -46.06876798407208
90400 -46.070670414515625
90450 -46.07258681672342
90500 -46.074517464256616
90550 -46.07646263783967
90600 -46.07842262547696
90650 -46.080397722569984
90700 -46.08238823203547
90750 -46.08439446442453
90800 -46.0864167380428
90850 -46.088455379072094
90900 -46.09051072169348
90950 -46.09258310821213
91000 -46.09467288918425
91050 -46.09678042354623
91100 -46.0989060787465
91150 -46.10105023088033
91200 -46.10321326482797
91250 -46.10539557439668
91300 -46.10759756246701
91350 -46.10981964114396
91400 -46.1120622319136
91450 -46.11432576580586
91500 -46.11661068356419
91550 -46.11891743582299
91600 -46.121246483293696
91650 -46.12359829696063
91700 -46.12597335828775
91750 -46.1283721594376
91800 -46.1307952035039
91850 -46.13324300475943
91900 -46.135716088921015
91950 -46.13821499343364
92000 -46.1407402677759
92050 -46.14329247378936
92100 -46.14587218603467
92150 -46.148479992177556
92200 -46.15111649340813
92250 -46.153782304897746
92300 -46.15647805629731
92350 -46.1592043922826
92400 -46.16196197315148
92450 -46.16475147547963
92500 -46.16757359284131
92550 -46.17042903660307
92600 -46.173318536798725
92650 -46.17624284309528
92700 -46.179202725860264
92750 -46.182198977342345
92800 -46.18523241297831
92850 -46.18830387284092
92900 -46.19141422324399
92950 -46.19456435852237
93000 -46.19775520300694
93050 -46.20098771321657
93100 -46.20426288029137
93150 -46.20758173269432
93200 -46.210945339211015
93250 -46.214354812280476
93300 -46.21781131169355
93350 -46.22131604869896
93400 -46.224870290561604
93450 -46.22847536562212
93500 -46.23213266891212
93550 -46.23584366838505
93600 -46.23960991182936
93650 -46.243433034537816
93700 -46.2473147678148
93750 -46.25125694841297
93800 -46.25526152900095
93850 -46.25933058977553
93900 -46.263466351345905
93950 -46.2676711890327
94000 -46.27194764874276
94050 -46.276298464601645
94100 -46.28072657854958
94150 -46.285235162135194
94200 -46.28982764077367
94250 -46.29450772077481
94300 -46.299279419491086
94350 -46.304147098989304
94400 -46.30911550371175
94450 -46.314189802667386
94500 -46.31937563678182
94550 -46.324679172140456
94600 -46.33010715998583
94650 -46.33566700448263
94700 -46.341366839448156
94750 -46.347215615469764
94800 -46.35322319910439
94850 -46.35940048618887
94900 -46.365759531700704
94950 -46.372313699113164
95000 -46.37907783280836
95050 -46.386068457869854
95100 -46.393304012494596
95150 -46.40080511935649
95200 -46.40859490351234
95250 -46.41669936580521
95300 -46.425147822029345
95350 -46.43397341900682
95400 -46.44321373845635
95450 -46.45291149670426
95500 -46.46311534035097
95550 -46.473880720536144
95600 -46.485270794119415
95650 -46.497357237576395
95700 -46.510220752880024
95750 -46.52395087595053
95800 -46.53864445607289
95850 -46.55440187772922
95900 -46.57131983793645
95950 -46.58947950016825
96000 -46.608929508191046
96050 -46.62966507678309
96100 -46.6516071958038
96150 -46.67458886478877
96200 -46.69835600572938
96250 -46.72258720736438
96300 -46.74692925832616
96350 -46.771038544541184
96400 -46.794616424245845
96450 -46.817430622234156
96500 -46.83932121907482
96550 -46.860194847910975
96600 -46.880012492619024
96650 -46.89877552410219
96700 -46.91651286842101
96750 -46.93327059085952
96800 -46.94910412157459
96850 -46.96407281572421
96900 -46.9782363590586
96950 -46.99165253324837
97000 -47.00437593394287
97050 -47.01645732978869
97100 -47.02794343652226
97150 -47.03887694865816
97200 -47.0492967221992
97250 -47.05923803810042
97300 -47.068732901374574
97350 -47.07781034778117
97400 -47.086496741391755
97450 -47.09481605374615
97500 -47.10279012007086
97550 -47.11043887100393
97600 -47.11778054006368
97650 -47.124831848122305
97700 -47.131608166674695
97750 -47.138123661911195
97800 -47.14439142163167
97850 -47.15042356695698
97900 -47.15623135065273
97950 -47.16182524371216
98000 -47.16721501167011
98050 -47.17240978194935
98100 -47.17741810338105
98150 -47.18224799889632
98200 -47.18690701225588
98250 -47.19140224957045
98300 -47.19574041626424
98350 -47.199927850046755
98400 -47.20397055038282
98450 -47.20787420488557
98500 -47.211644213001
98550 -47.21528570730464
98600 -47.21880357268908
98650 -47.22220246368564
98700 -47.22548682013231
98750 -47.22866088137387
98800 -47.231728699156825
98850 -47.2346941493622
98900 -47.23756094270166
98950 -47.240332634487906
99000 -47.243012633576825
99050 -47.24560421056787
99100 -47.24811050533893
99150 -47.25053453398353
99200 -47.25287919521037
99250 -47.255147276258526
99300 -47.25734145837604
99350 -47.25946432190385
99400 -47.261518351003026
99450 -47.2635059380589
99500 -47.265429387791976
99550 -47.26729092110267
99600 -47.26909267867379
99650 -47.27083672435238
99700 -47.27252504832994
99750 -47.27415957013869
99800 -47.27574214147913
99850 -47.27727454889276
99900 -47.27875851629286
99950 -47.2801957073641
