0.000000, 0.000000, 0.000005
0.000000, 1.000000, 0.000009
0.000000, 2.000000, 0.000014
0.000000, 3.000000, 0.000019
0.000000, 4.000000, 0.000024
0.000000, 5.000000, 0.000029
0.000000, 6.000000, 0.000033
0.000000, 7.000000, 0.000038
0.000000, 8.000000, 0.000043
0.000000, 9.000000, 0.000048
0.000000, 10.000000, 0.000053
0.000000, 11.000000, 0.000058
0.000000, 12.000000, 0.000063
0.000000, 13.000000, 0.000068
0.000000, 14.000000, 0.000073
0.000000, 15.000000, 0.000077
0.000000, 16.000000, 0.000081
0.000000, 17.000000, 0.000085
0.000000, 18.000000, 0.000089
0.000000, 19.000000, 0.000093
0.000000, 20.000000, 0.000095
0.000000, 21.000000, 0.000098
0.000000, 22.000000, 0.000100
0.000000, 23.000000, 0.000101
0.000000, 24.000000, 0.000102
0.000000, 25.000000, 0.000102
0.000000, 26.000000, 0.000102
0.000000, 27.000000, 0.000101
0.000000, 28.000000, 0.000100
0.000000, 29.000000, 0.000097
0.000000, 30.000000, 0.000095
0.000000, 31.000000, 0.000092
0.000000, 32.000000, 0.000088
0.000000, 33.000000, 0.000084
0.000000, 34.000000, 0.000080
0.000000, 35.000000, 0.000076
0.000000, 36.000000, 0.000071
0.000000, 37.000000, 0.000066
0.000000, 38.000000, 0.000061
0.000000, 39.000000, 0.000056
0.000000, 40.000000, 0.000051
0.000000, 41.000000, 0.000046
0.000000, 42.000000, 0.000041
0.000000, 43.000000, 0.000036
0.000000, 44.000000, 0.000031
0.000000, 45.000000, 0.000025
0.000000, 46.000000, 0.000020
0.000000, 47.000000, 0.000015
0.000000, 48.000000, 0.000010
0.000000, 49.000000, 0.000005
1.000000, 0.000000, 0.000009
1.000000, 1.000000, 0.000019
1.000000, 2.000000, 0.000028
1.000000, 3.000000, 0.000038
1.000000, 4.000000, 0.000048
1.000000, 5.000000, 0.000057
1.000000, 6.000000, 0.000067
1.000000, 7.000000, 0.000077
1.000000, 8.000000, 0.000087
1.000000, 9.000000, 0.000097
1.000000, 10.000000, 0.000107
1.000000, 11.000000, 0.000117
1.000000, 12.000000, 0.000126
1.000000, 13.000000, 0.000136
1.000000, 14.000000, 0.000146
1.000000, 15.000000, 0.000155
1.000000, 16.000000, 0.000163
1.000000, 17.000000, 0.000171
1.000000, 18.000000, 0.000179
1.000000, 19.000000, 0.000186
1.000000, 20.000000, 0.000192
1.000000, 21.000000, 0.000197
1.000000, 22.000000, 0.000201
1.000000, 23.000000, 0.000204
1.000000, 24.000000, 0.000205
1.000000, 25.000000, 0.000206
1.000000, 26.000000, 0.000205
1.000000, 27.000000, 0.000203
1.000000, 28.000000, 0.000200
1.000000, 29.000000, 0.000196
1.000000, 30.000000, 0.000191
1.000000, 31.000000, 0.000184
1.000000, 32.000000, 0.000177
1.000000, 33.000000, 0.000170
1.000000, 34.000000, 0.000161
1.000000, 35.000000, 0.000152
1.000000, 36.000000, 0.000143
1.000000, 37.000000, 0.000133
1.000000, 38.000000, 0.000123
1.000000, 39.000000, 0.000113
1.000000, 40.000000, 0.000103
1.000000, 41.000000, 0.000092
1.000000, 42.000000, 0.000082
1.000000, 43.000000, 0.000072
1.000000, 44.000000, 0.000061
1.000000, 45.000000, 0.000051
1.000000, 46.000000, 0.000041
1.000000, 47.000000, 0.000030
1.000000, 48.000000, 0.000020
1.000000, 49.000000, 0.000010
2.000000, 0.000000, 0.000014
2.000000, 1.000000, 0.000028
2.000000, 2.000000, 0.000043
2.000000, 3.000000, 0.000057
2.000000, 4.000000, 0.000072
2.000000, 5.000000, 0.000086
2.000000, 6.000000, 0.000101
2.000000, 7.000000, 0.000116
2.000000, 8.000000, 0.000131
2.000000, 9.000000, 0.000146
2.000000, 10.000000, 0.000161
2.000000, 11.000000, 0.000176
2.000000, 12.000000, 0.000191
2.000000, 13.000000, 0.000205
2.000000, 14.000000, 0.000219
2.000000, 15.000000, 0.000233
2.000000, 16.000000, 0.000246
2.000000, 17.000000, 0.000259
2.000000, 18.000000, 0.000270
2.000000, 19.000000, 0.000281
2.000000, 20.000000, 0.000290
2.000000, 21.000000, 0.000297
2.000000, 22.000000, 0.000303
2.000000, 23.000000, 0.000308
2.000000, 24.000000, 0.000310
2.000000, 25.000000, 0.000311
2.000000, 26.000000, 0.000310
2.000000, 27.000000, 0.000307
2.000000, 28.000000, 0.000302
2.000000, 29.000000, 0.000296
2.000000, 30.000000, 0.000288
2.000000, 31.000000, 0.000279
2.000000, 32.000000, 0.000268
2.000000, 33.000000, 0.000256
2.000000, 34.000000, 0.000243
2.000000, 35.000000, 0.000230
2.000000, 36.000000, 0.000215
2.000000, 37.000000, 0.000201
2.000000, 38.000000, 0.000185
2.000000, 39.000000, 0.000170
2.000000, 40.000000, 0.000155
2.000000, 41.000000, 0.000139
2.000000, 42.000000, 0.000123
2.000000, 43.000000, 0.000108
2.000000, 44.000000, 0.000092
2.000000, 45.000000, 0.000077
2.000000, 46.000000, 0.000061
2.000000, 47.000000, 0.000046
2.000000, 48.000000, 0.000030
2.000000, 49.000000, 0.000015
3.000000, 0.000000, 0.000019
3.000000, 1.000000, 0.000038
3.000000, 2.000000, 0.000057
3.000000, 3.000000, 0.000076
3.000000, 4.000000, 0.000096
3.000000, 5.000000, 0.000115
3.000000, 6.000000, 0.000135
3.000000, 7.000000, 0.000155
3.000000, 8.000000, 0.000175
3.000000, 9.000000, 0.000195
3.000000, 10.000000, 0.000215
3.000000, 11.000000, 0.000235
3.000000, 12.000000, 0.000255
3.000000, 13.000000, 0.000275
3.000000, 14.000000, 0.000294
3.000000, 15.000000, 0.000313
3.000000, 16.000000, 0.000331
3.000000, 17.000000, 0.000348
3.000000, 18.000000, 0.000364
3.000000, 19.000000, 0.000378
3.000000, 20.000000, 0.000390
3.000000, 21.000000, 0.000400
3.000000, 22.000000, 0.000409
3.000000, 23.000000, 0.000415
3.000000, 24.000000, 0.000418
3.000000, 25.000000, 0.000419
3.000000, 26.000000, 0.000418
3.000000, 27.000000, 0.000414
3.000000, 28.000000, 0.000407
3.000000, 29.000000, 0.000399
3.000000, 30.000000, 0.000388
3.000000, 31.000000, 0.000375
3.000000, 32.000000, 0.000360
3.000000, 33.000000, 0.000344
3.000000, 34.000000, 0.000327
3.000000, 35.000000, 0.000309
3.000000, 36.000000, 0.000289
3.000000, 37.000000, 0.000269
3.000000, 38.000000, 0.000249
3.000000, 39.000000, 0.000228
3.000000, 40.000000, 0.000207
3.000000, 41.000000, 0.000186
3.000000, 42.000000, 0.000165
3.000000, 43.000000, 0.000144
3.000000, 44.000000, 0.000123
3.000000, 45.000000, 0.000102
3.000000, 46.000000, 0.000082
3.000000, 47.000000, 0.000061
3.000000, 48.000000, 0.000041
3.000000, 49.000000, 0.000020
4.000000, 0.000000, 0.000024
4.000000, 1.000000, 0.000048
4.000000, 2.000000, 0.000072
4.000000, 3.000000, 0.000096
4.000000, 4.000000, 0.000120
4.000000, 5.000000, 0.000145
4.000000, 6.000000, 0.000169
4.000000, 7.000000, 0.000194
4.000000, 8.000000, 0.000220
4.000000, 9.000000, 0.000245
4.000000, 10.000000, 0.000271
4.000000, 11.000000, 0.000296
4.000000, 12.000000, 0.000322
4.000000, 13.000000, 0.000347
4.000000, 14.000000, 0.000371
4.000000, 15.000000, 0.000395
4.000000, 16.000000, 0.000418
4.000000, 17.000000, 0.000440
4.000000, 18.000000, 0.000460
4.000000, 19.000000, 0.000478
4.000000, 20.000000, 0.000494
4.000000, 21.000000, 0.000507
4.000000, 22.000000, 0.000518
4.000000, 23.000000, 0.000526
4.000000, 24.000000, 0.000530
4.000000, 25.000000, 0.000531
4.000000, 26.000000, 0.000530
4.000000, 27.000000, 0.000524
4.000000, 28.000000, 0.000516
4.000000, 29.000000, 0.000505
4.000000, 30.000000, 0.000491
4.000000, 31.000000, 0.000474
4.000000, 32.000000, 0.000456
4.000000, 33.000000, 0.000435
4.000000, 34.000000, 0.000413
4.000000, 35.000000, 0.000389
4.000000, 36.000000, 0.000365
4.000000, 37.000000, 0.000339
4.000000, 38.000000, 0.000313
4.000000, 39.000000, 0.000287
4.000000, 40.000000, 0.000261
4.000000, 41.000000, 0.000234
4.000000, 42.000000, 0.000207
4.000000, 43.000000, 0.000181
4.000000, 44.000000, 0.000155
4.000000, 45.000000, 0.000128
4.000000, 46.000000, 0.000103
4.000000, 47.000000, 0.000077
4.000000, 48.000000, 0.000051
4.000000, 49.000000, 0.000026
5.000000, 0.000000, 0.000029
5.000000, 1.000000, 0.000057
5.000000, 2.000000, 0.000086
5.000000, 3.000000, 0.000115
5.000000, 4.000000, 0.000145
5.000000, 5.000000, 0.000174
5.000000, 6.000000, 0.000204
5.000000, 7.000000, 0.000235
5.000000, 8.000000, 0.000265
5.000000, 9.000000, 0.000296
5.000000, 10.000000, 0.000327
5.000000, 11.000000, 0.000358
5.000000, 12.000000, 0.000389
5.000000, 13.000000, 0.000420
5.000000, 14.000000, 0.000450
5.000000, 15.000000, 0.000480
5.000000, 16.000000, 0.000508
5.000000, 17.000000, 0.000535
5.000000, 18.000000, 0.000559
5.000000, 19.000000, 0.000582
5.000000, 20.000000, 0.000602
5.000000, 21.000000, 0.000618
5.000000, 22.000000, 0.000632
5.000000, 23.000000, 0.000641
5.000000, 24.000000, 0.000647
5.000000, 25.000000, 0.000649
5.000000, 26.000000, 0.000646
5.000000, 27.000000, 0.000640
5.000000, 28.000000, 0.000630
5.000000, 29.000000, 0.000616
5.000000, 30.000000, 0.000598
5.000000, 31.000000, 0.000578
5.000000, 32.000000, 0.000555
5.000000, 33.000000, 0.000529
5.000000, 34.000000, 0.000502
5.000000, 35.000000, 0.000473
5.000000, 36.000000, 0.000442
5.000000, 37.000000, 0.000411
5.000000, 38.000000, 0.000379
5.000000, 39.000000, 0.000347
5.000000, 40.000000, 0.000315
5.000000, 41.000000, 0.000283
5.000000, 42.000000, 0.000250
5.000000, 43.000000, 0.000218
5.000000, 44.000000, 0.000186
5.000000, 45.000000, 0.000155
5.000000, 46.000000, 0.000124
5.000000, 47.000000, 0.000092
5.000000, 48.000000, 0.000062
5.000000, 49.000000, 0.000031
6.000000, 0.000000, 0.000033
6.000000, 1.000000, 0.000067
6.000000, 2.000000, 0.000101
6.000000, 3.000000, 0.000135
6.000000, 4.000000, 0.000169
6.000000, 5.000000, 0.000204
6.000000, 6.000000, 0.000239
6.000000, 7.000000, 0.000275
6.000000, 8.000000, 0.000311
6.000000, 9.000000, 0.000348
6.000000, 10.000000, 0.000385
6.000000, 11.000000, 0.000422
6.000000, 12.000000, 0.000459
6.000000, 13.000000, 0.000496
6.000000, 14.000000, 0.000532
6.000000, 15.000000, 0.000567
6.000000, 16.000000, 0.000601
6.000000, 17.000000, 0.000633
6.000000, 18.000000, 0.000663
6.000000, 19.000000, 0.000691
6.000000, 20.000000, 0.000715
6.000000, 21.000000, 0.000735
6.000000, 22.000000, 0.000752
6.000000, 23.000000, 0.000763
6.000000, 24.000000, 0.000771
6.000000, 25.000000, 0.000773
6.000000, 26.000000, 0.000770
6.000000, 27.000000, 0.000762
6.000000, 28.000000, 0.000749
6.000000, 29.000000, 0.000732
6.000000, 30.000000, 0.000711
6.000000, 31.000000, 0.000686
6.000000, 32.000000, 0.000658
6.000000, 33.000000, 0.000627
6.000000, 34.000000, 0.000594
6.000000, 35.000000, 0.000559
6.000000, 36.000000, 0.000523
6.000000, 37.000000, 0.000485
6.000000, 38.000000, 0.000447
6.000000, 39.000000, 0.000409
6.000000, 40.000000, 0.000371
6.000000, 41.000000, 0.000332
6.000000, 42.000000, 0.000294
6.000000, 43.000000, 0.000256
6.000000, 44.000000, 0.000219
6.000000, 45.000000, 0.000182
6.000000, 46.000000, 0.000145
6.000000, 47.000000, 0.000108
6.000000, 48.000000, 0.000072
6.000000, 49.000000, 0.000036
7.000000, 0.000000, 0.000038
7.000000, 1.000000, 0.000077
7.000000, 2.000000, 0.000116
7.000000, 3.000000, 0.000155
7.000000, 4.000000, 0.000194
7.000000, 5.000000, 0.000235
7.000000, 6.000000, 0.000275
7.000000, 7.000000, 0.000317
7.000000, 8.000000, 0.000358
7.000000, 9.000000, 0.000401
7.000000, 10.000000, 0.000444
7.000000, 11.000000, 0.000487
7.000000, 12.000000, 0.000530
7.000000, 13.000000, 0.000574
7.000000, 14.000000, 0.000616
7.000000, 15.000000, 0.000658
7.000000, 16.000000, 0.000698
7.000000, 17.000000, 0.000737
7.000000, 18.000000, 0.000772
7.000000, 19.000000, 0.000805
7.000000, 20.000000, 0.000834
7.000000, 21.000000, 0.000859
7.000000, 22.000000, 0.000878
7.000000, 23.000000, 0.000893
7.000000, 24.000000, 0.000901
7.000000, 25.000000, 0.000904
7.000000, 26.000000, 0.000900
7.000000, 27.000000, 0.000891
7.000000, 28.000000, 0.000876
7.000000, 29.000000, 0.000855
7.000000, 30.000000, 0.000830
7.000000, 31.000000, 0.000800
7.000000, 32.000000, 0.000766
7.000000, 33.000000, 0.000729
7.000000, 34.000000, 0.000690
7.000000, 35.000000, 0.000649
7.000000, 36.000000, 0.000606
7.000000, 37.000000, 0.000562
7.000000, 38.000000, 0.000517
7.000000, 39.000000, 0.000472
7.000000, 40.000000, 0.000428
7.000000, 41.000000, 0.000383
7.000000, 42.000000, 0.000339
7.000000, 43.000000, 0.000295
7.000000, 44.000000, 0.000252
7.000000, 45.000000, 0.000209
7.000000, 46.000000, 0.000166
7.000000, 47.000000, 0.000125
7.000000, 48.000000, 0.000083
7.000000, 49.000000, 0.000041
8.000000, 0.000000, 0.000043
8.000000, 1.000000, 0.000087
8.000000, 2.000000, 0.000131
8.000000, 3.000000, 0.000175
8.000000, 4.000000, 0.000220
8.000000, 5.000000, 0.000265
8.000000, 6.000000, 0.000311
8.000000, 7.000000, 0.000358
8.000000, 8.000000, 0.000406
8.000000, 9.000000, 0.000455
8.000000, 10.000000, 0.000504
8.000000, 11.000000, 0.000554
8.000000, 12.000000, 0.000604
8.000000, 13.000000, 0.000654
8.000000, 14.000000, 0.000704
8.000000, 15.000000, 0.000752
8.000000, 16.000000, 0.000800
8.000000, 17.000000, 0.000845
8.000000, 18.000000, 0.000887
8.000000, 19.000000, 0.000926
8.000000, 20.000000, 0.000960
8.000000, 21.000000, 0.000990
8.000000, 22.000000, 0.001014
8.000000, 23.000000, 0.001031
8.000000, 24.000000, 0.001041
8.000000, 25.000000, 0.001044
8.000000, 26.000000, 0.001040
8.000000, 27.000000, 0.001029
8.000000, 28.000000, 0.001011
8.000000, 29.000000, 0.000986
8.000000, 30.000000, 0.000956
8.000000, 31.000000, 0.000920
8.000000, 32.000000, 0.000880
8.000000, 33.000000, 0.000837
8.000000, 34.000000, 0.000790
8.000000, 35.000000, 0.000742
8.000000, 36.000000, 0.000692
8.000000, 37.000000, 0.000641
8.000000, 38.000000, 0.000589
8.000000, 39.000000, 0.000537
8.000000, 40.000000, 0.000486
8.000000, 41.000000, 0.000435
8.000000, 42.000000, 0.000384
8.000000, 43.000000, 0.000334
8.000000, 44.000000, 0.000285
8.000000, 45.000000, 0.000236
8.000000, 46.000000, 0.000188
8.000000, 47.000000, 0.000141
8.000000, 48.000000, 0.000094
8.000000, 49.000000, 0.000047
9.000000, 0.000000, 0.000048
9.000000, 1.000000, 0.000097
9.000000, 2.000000, 0.000146
9.000000, 3.000000, 0.000195
9.000000, 4.000000, 0.000245
9.000000, 5.000000, 0.000296
9.000000, 6.000000, 0.000348
9.000000, 7.000000, 0.000401
9.000000, 8.000000, 0.000455
9.000000, 9.000000, 0.000510
9.000000, 10.000000, 0.000566
9.000000, 11.000000, 0.000622
9.000000, 12.000000, 0.000680
9.000000, 13.000000, 0.000737
9.000000, 14.000000, 0.000794
9.000000, 15.000000, 0.000851
9.000000, 16.000000, 0.000906
9.000000, 17.000000, 0.000959
9.000000, 18.000000, 0.001008
9.000000, 19.000000, 0.001054
9.000000, 20.000000, 0.001095
9.000000, 21.000000, 0.001130
9.000000, 22.000000, 0.001158
9.000000, 23.000000, 0.001179
9.000000, 24.000000, 0.001191
9.000000, 25.000000, 0.001195
9.000000, 26.000000, 0.001190
9.000000, 27.000000, 0.001177
9.000000, 28.000000, 0.001155
9.000000, 29.000000, 0.001126
9.000000, 30.000000, 0.001090
9.000000, 31.000000, 0.001048
9.000000, 32.000000, 0.001001
9.000000, 33.000000, 0.000950
9.000000, 34.000000, 0.000896
9.000000, 35.000000, 0.000839
9.000000, 36.000000, 0.000781
9.000000, 37.000000, 0.000723
9.000000, 38.000000, 0.000663
9.000000, 39.000000, 0.000604
9.000000, 40.000000, 0.000546
9.000000, 41.000000, 0.000488
9.000000, 42.000000, 0.000431
9.000000, 43.000000, 0.000374
9.000000, 44.000000, 0.000319
9.000000, 45.000000, 0.000264
9.000000, 46.000000, 0.000210
9.000000, 47.000000, 0.000157
9.000000, 48.000000, 0.000104
9.000000, 49.000000, 0.000052
10.000000, 0.000000, 0.000053
10.000000, 1.000000, 0.000107
10.000000, 2.000000, 0.000161
10.000000, 3.000000, 0.000215
10.000000, 4.000000, 0.000271
10.000000, 5.000000, 0.000327
10.000000, 6.000000, 0.000385
10.000000, 7.000000, 0.000444
10.000000, 8.000000, 0.000504
10.000000, 9.000000, 0.000566
10.000000, 10.000000, 0.000629
10.000000, 11.000000, 0.000693
10.000000, 12.000000, 0.000758
10.000000, 13.000000, 0.000823
10.000000, 14.000000, 0.000889
10.000000, 15.000000, 0.000953
10.000000, 16.000000, 0.001017
10.000000, 17.000000, 0.001079
10.000000, 18.000000, 0.001137
10.000000, 19.000000, 0.001191
10.000000, 20.000000, 0.001239
10.000000, 21.000000, 0.001281
10.000000, 22.000000, 0.001314
10.000000, 23.000000, 0.001339
10.000000, 24.000000, 0.001354
10.000000, 25.000000, 0.001359
10.000000, 26.000000, 0.001353
10.000000, 27.000000, 0.001337
10.000000, 28.000000, 0.001311
10.000000, 29.000000, 0.001276
10.000000, 30.000000, 0.001234
10.000000, 31.000000, 0.001184
10.000000, 32.000000, 0.001129
10.000000, 33.000000, 0.001069
10.000000, 34.000000, 0.001006
10.000000, 35.000000, 0.000941
10.000000, 36.000000, 0.000875
10.000000, 37.000000, 0.000807
10.000000, 38.000000, 0.000740
10.000000, 39.000000, 0.000673
10.000000, 40.000000, 0.000607
10.000000, 41.000000, 0.000542
10.000000, 42.000000, 0.000478
10.000000, 43.000000, 0.000415
10.000000, 44.000000, 0.000353
10.000000, 45.000000, 0.000292
10.000000, 46.000000, 0.000233
10.000000, 47.000000, 0.000174
10.000000, 48.000000, 0.000115
10.000000, 49.000000, 0.000058
11.000000, 0.000000, 0.000058
11.000000, 1.000000, 0.000117
11.000000, 2.000000, 0.000176
11.000000, 3.000000, 0.000235
11.000000, 4.000000, 0.000296
11.000000, 5.000000, 0.000358
11.000000, 6.000000, 0.000422
11.000000, 7.000000, 0.000487
11.000000, 8.000000, 0.000554
11.000000, 9.000000, 0.000622
11.000000, 10.000000, 0.000693
11.000000, 11.000000, 0.000765
11.000000, 12.000000, 0.000838
11.000000, 13.000000, 0.000912
11.000000, 14.000000, 0.000986
11.000000, 15.000000, 0.001061
11.000000, 16.000000, 0.001134
11.000000, 17.000000, 0.001206
11.000000, 18.000000, 0.001273
11.000000, 19.000000, 0.001337
11.000000, 20.000000, 0.001394
11.000000, 21.000000, 0.001443
11.000000, 22.000000, 0.001483
11.000000, 23.000000, 0.001513
11.000000, 24.000000, 0.001531
11.000000, 25.000000, 0.001537
11.000000, 26.000000, 0.001530
11.000000, 27.000000, 0.001511
11.000000, 28.000000, 0.001480
11.000000, 29.000000, 0.001439
11.000000, 30.000000, 0.001388
11.000000, 31.000000, 0.001329
11.000000, 32.000000, 0.001265
11.000000, 33.000000, 0.001195
11.000000, 34.000000, 0.001122
11.000000, 35.000000, 0.001047
11.000000, 36.000000, 0.000971
11.000000, 37.000000, 0.000895
11.000000, 38.000000, 0.000819
11.000000, 39.000000, 0.000743
11.000000, 40.000000, 0.000669
11.000000, 41.000000, 0.000596
11.000000, 42.000000, 0.000525
11.000000, 43.000000, 0.000455
11.000000, 44.000000, 0.000387
11.000000, 45.000000, 0.000320
11.000000, 46.000000, 0.000255
11.000000, 47.000000, 0.000190
11.000000, 48.000000, 0.000126
11.000000, 49.000000, 0.000063
12.000000, 0.000000, 0.000063
12.000000, 1.000000, 0.000126
12.000000, 2.000000, 0.000191
12.000000, 3.000000, 0.000255
12.000000, 4.000000, 0.000322
12.000000, 5.000000, 0.000389
12.000000, 6.000000, 0.000459
12.000000, 7.000000, 0.000530
12.000000, 8.000000, 0.000604
12.000000, 9.000000, 0.000680
12.000000, 10.000000, 0.000758
12.000000, 11.000000, 0.000838
12.000000, 12.000000, 0.000920
12.000000, 13.000000, 0.001003
12.000000, 14.000000, 0.001088
12.000000, 15.000000, 0.001173
12.000000, 16.000000, 0.001257
12.000000, 17.000000, 0.001339
12.000000, 18.000000, 0.001419
12.000000, 19.000000, 0.001493
12.000000, 20.000000, 0.001561
12.000000, 21.000000, 0.001619
12.000000, 22.000000, 0.001668
12.000000, 23.000000, 0.001703
12.000000, 24.000000, 0.001725
12.000000, 25.000000, 0.001732
12.000000, 26.000000, 0.001724
12.000000, 27.000000, 0.001701
12.000000, 28.000000, 0.001664
12.000000, 29.000000, 0.001614
12.000000, 30.000000, 0.001554
12.000000, 31.000000, 0.001485
12.000000, 32.000000, 0.001409
12.000000, 33.000000, 0.001328
12.000000, 34.000000, 0.001244
12.000000, 35.000000, 0.001158
12.000000, 36.000000, 0.001072
12.000000, 37.000000, 0.000985
12.000000, 38.000000, 0.000899
12.000000, 39.000000, 0.000815
12.000000, 40.000000, 0.000732
12.000000, 41.000000, 0.000652
12.000000, 42.000000, 0.000573
12.000000, 43.000000, 0.000496
12.000000, 44.000000, 0.000422
12.000000, 45.000000, 0.000349
12.000000, 46.000000, 0.000277
12.000000, 47.000000, 0.000207
12.000000, 48.000000, 0.000137
12.000000, 49.000000, 0.000068
13.000000, 0.000000, 0.000068
13.000000, 1.000000, 0.000136
13.000000, 2.000000, 0.000205
13.000000, 3.000000, 0.000275
13.000000, 4.000000, 0.000347
13.000000, 5.000000, 0.000420
13.000000, 6.000000, 0.000496
13.000000, 7.000000, 0.000574
13.000000, 8.000000, 0.000654
13.000000, 9.000000, 0.000737
13.000000, 10.000000, 0.000823
13.000000, 11.000000, 0.000912
13.000000, 12.000000, 0.001003
13.000000, 13.000000, 0.001097
13.000000, 14.000000, 0.001192
13.000000, 15.000000, 0.001289
13.000000, 16.000000, 0.001386
13.000000, 17.000000, 0.001481
13.000000, 18.000000, 0.001573
13.000000, 19.000000, 0.001661
13.000000, 20.000000, 0.001741
13.000000, 21.000000, 0.001811
13.000000, 22.000000, 0.001869
13.000000, 23.000000, 0.001912
13.000000, 24.000000, 0.001939
13.000000, 25.000000, 0.001947
13.000000, 26.000000, 0.001937
13.000000, 27.000000, 0.001910
13.000000, 28.000000, 0.001865
13.000000, 29.000000, 0.001806
13.000000, 30.000000, 0.001734
13.000000, 31.000000, 0.001652
13.000000, 32.000000, 0.001563
13.000000, 33.000000, 0.001469
13.000000, 34.000000, 0.001372
13.000000, 35.000000, 0.001274
13.000000, 36.000000, 0.001175
13.000000, 37.000000, 0.001078
13.000000, 38.000000, 0.000981
13.000000, 39.000000, 0.000888
13.000000, 40.000000, 0.000796
13.000000, 41.000000, 0.000707
13.000000, 42.000000, 0.000621
13.000000, 43.000000, 0.000537
13.000000, 44.000000, 0.000456
13.000000, 45.000000, 0.000376
13.000000, 46.000000, 0.000299
13.000000, 47.000000, 0.000223
13.000000, 48.000000, 0.000148
13.000000, 49.000000, 0.000074
14.000000, 0.000000, 0.000073
14.000000, 1.000000, 0.000146
14.000000, 2.000000, 0.000219
14.000000, 3.000000, 0.000294
14.000000, 4.000000, 0.000371
14.000000, 5.000000, 0.000450
14.000000, 6.000000, 0.000532
14.000000, 7.000000, 0.000616
14.000000, 8.000000, 0.000704
14.000000, 9.000000, 0.000794
14.000000, 10.000000, 0.000889
14.000000, 11.000000, 0.000986
14.000000, 12.000000, 0.001088
14.000000, 13.000000, 0.001192
14.000000, 14.000000, 0.001300
14.000000, 15.000000, 0.001409
14.000000, 16.000000, 0.001520
14.000000, 17.000000, 0.001630
14.000000, 18.000000, 0.001738
14.000000, 19.000000, 0.001840
14.000000, 20.000000, 0.001936
14.000000, 21.000000, 0.002020
14.000000, 22.000000, 0.002090
14.000000, 23.000000, 0.002143
14.000000, 24.000000, 0.002176
14.000000, 25.000000, 0.002186
14.000000, 26.000000, 0.002175
14.000000, 27.000000, 0.002140
14.000000, 28.000000, 0.002086
14.000000, 29.000000, 0.002014
14.000000, 30.000000, 0.001928
14.000000, 31.000000, 0.001831
14.000000, 32.000000, 0.001727
14.000000, 33.000000, 0.001618
14.000000, 34.000000, 0.001506
14.000000, 35.000000, 0.001393
14.000000, 36.000000, 0.001282
14.000000, 37.000000, 0.001172
14.000000, 38.000000, 0.001065
14.000000, 39.000000, 0.000961
14.000000, 40.000000, 0.000860
14.000000, 41.000000, 0.000763
14.000000, 42.000000, 0.000669
14.000000, 43.000000, 0.000578
14.000000, 44.000000, 0.000490
14.000000, 45.000000, 0.000404
14.000000, 46.000000, 0.000321
14.000000, 47.000000, 0.000239
14.000000, 48.000000, 0.000158
14.000000, 49.000000, 0.000079
15.000000, 0.000000, 0.000077
15.000000, 1.000000, 0.000155
15.000000, 2.000000, 0.000233
15.000000, 3.000000, 0.000313
15.000000, 4.000000, 0.000395
15.000000, 5.000000, 0.000480
15.000000, 6.000000, 0.000567
15.000000, 7.000000, 0.000658
15.000000, 8.000000, 0.000752
15.000000, 9.000000, 0.000851
15.000000, 10.000000, 0.000953
15.000000, 11.000000, 0.001061
15.000000, 12.000000, 0.001173
15.000000, 13.000000, 0.001289
15.000000, 14.000000, 0.001409
15.000000, 15.000000, 0.001533
15.000000, 16.000000, 0.001659
15.000000, 17.000000, 0.001786
15.000000, 18.000000, 0.001911
15.000000, 19.000000, 0.002033
15.000000, 20.000000, 0.002146
15.000000, 21.000000, 0.002249
15.000000, 22.000000, 0.002334
15.000000, 23.000000, 0.002400
15.000000, 24.000000, 0.002441
15.000000, 25.000000, 0.002454
15.000000, 26.000000, 0.002439
15.000000, 27.000000, 0.002397
15.000000, 28.000000, 0.002330
15.000000, 29.000000, 0.002243
15.000000, 30.000000, 0.002139
15.000000, 31.000000, 0.002024
15.000000, 32.000000, 0.001900
15.000000, 33.000000, 0.001773
15.000000, 34.000000, 0.001644
15.000000, 35.000000, 0.001516
15.000000, 36.000000, 0.001390
15.000000, 37.000000, 0.001268
15.000000, 38.000000, 0.001149
15.000000, 39.000000, 0.001034
15.000000, 40.000000, 0.000924
15.000000, 41.000000, 0.000818
15.000000, 42.000000, 0.000715
15.000000, 43.000000, 0.000617
15.000000, 44.000000, 0.000522
15.000000, 45.000000, 0.000431
15.000000, 46.000000, 0.000341
15.000000, 47.000000, 0.000254
15.000000, 48.000000, 0.000169
15.000000, 49.000000, 0.000084
16.000000, 0.000000, 0.000081
16.000000, 1.000000, 0.000163
16.000000, 2.000000, 0.000246
16.000000, 3.000000, 0.000331
16.000000, 4.000000, 0.000418
16.000000, 5.000000, 0.000508
16.000000, 6.000000, 0.000601
16.000000, 7.000000, 0.000698
16.000000, 8.000000, 0.000800
16.000000, 9.000000, 0.000906
16.000000, 10.000000, 0.001017
16.000000, 11.000000, 0.001134
16.000000, 12.000000, 0.001257
16.000000, 13.000000, 0.001386
16.000000, 14.000000, 0.001520
16.000000, 15.000000, 0.001659
16.000000, 16.000000, 0.001803
16.000000, 17.000000, 0.001949
16.000000, 18.000000, 0.002095
16.000000, 19.000000, 0.002238
16.000000, 20.000000, 0.002375
16.000000, 21.000000, 0.002499
16.000000, 22.000000, 0.002606
16.000000, 23.000000, 0.002687
16.000000, 24.000000, 0.002739
16.000000, 25.000000, 0.002756
16.000000, 26.000000, 0.002737
16.000000, 27.000000, 0.002684
16.000000, 28.000000, 0.002601
16.000000, 29.000000, 0.002493
16.000000, 30.000000, 0.002367
16.000000, 31.000000, 0.002229
16.000000, 32.000000, 0.002084
16.000000, 33.000000, 0.001935
16.000000, 34.000000, 0.001787
16.000000, 35.000000, 0.001641
16.000000, 36.000000, 0.001500
16.000000, 37.000000, 0.001363
16.000000, 38.000000, 0.001232
16.000000, 39.000000, 0.001106
16.000000, 40.000000, 0.000986
16.000000, 41.000000, 0.000871
16.000000, 42.000000, 0.000761
16.000000, 43.000000, 0.000656
16.000000, 44.000000, 0.000554
16.000000, 45.000000, 0.000456
16.000000, 46.000000, 0.000362
16.000000, 47.000000, 0.000269
16.000000, 48.000000, 0.000178
16.000000, 49.000000, 0.000089
17.000000, 0.000000, 0.000085
17.000000, 1.000000, 0.000171
17.000000, 2.000000, 0.000259
17.000000, 3.000000, 0.000348
17.000000, 4.000000, 0.000440
17.000000, 5.000000, 0.000535
17.000000, 6.000000, 0.000633
17.000000, 7.000000, 0.000737
17.000000, 8.000000, 0.000845
17.000000, 9.000000, 0.000959
17.000000, 10.000000, 0.001079
17.000000, 11.000000, 0.001206
17.000000, 12.000000, 0.001339
17.000000, 13.000000, 0.001481
17.000000, 14.000000, 0.001630
17.000000, 15.000000, 0.001786
17.000000, 16.000000, 0.001949
17.000000, 17.000000, 0.002117
17.000000, 18.000000, 0.002287
17.000000, 19.000000, 0.002457
17.000000, 20.000000, 0.002621
17.000000, 21.000000, 0.002774
17.000000, 22.000000, 0.002907
17.000000, 23.000000, 0.003011
17.000000, 24.000000, 0.003078
17.000000, 25.000000, 0.003100
17.000000, 26.000000, 0.003076
17.000000, 27.000000, 0.003008
17.000000, 28.000000, 0.002902
17.000000, 29.000000, 0.002768
17.000000, 30.000000, 0.002613
17.000000, 31.000000, 0.002447
17.000000, 32.000000, 0.002275
17.000000, 33.000000, 0.002102
17.000000, 34.000000, 0.001932
17.000000, 35.000000, 0.001768
17.000000, 36.000000, 0.001609
17.000000, 37.000000, 0.001458
17.000000, 38.000000, 0.001313
17.000000, 39.000000, 0.001176
17.000000, 40.000000, 0.001046
17.000000, 41.000000, 0.000922
17.000000, 42.000000, 0.000805
17.000000, 43.000000, 0.000692
17.000000, 44.000000, 0.000585
17.000000, 45.000000, 0.000481
17.000000, 46.000000, 0.000381
17.000000, 47.000000, 0.000283
17.000000, 48.000000, 0.000188
17.000000, 49.000000, 0.000093
18.000000, 0.000000, 0.000089
18.000000, 1.000000, 0.000179
18.000000, 2.000000, 0.000270
18.000000, 3.000000, 0.000364
18.000000, 4.000000, 0.000460
18.000000, 5.000000, 0.000559
18.000000, 6.000000, 0.000663
18.000000, 7.000000, 0.000772
18.000000, 8.000000, 0.000887
18.000000, 9.000000, 0.001008
18.000000, 10.000000, 0.001137
18.000000, 11.000000, 0.001273
18.000000, 12.000000, 0.001419
18.000000, 13.000000, 0.001573
18.000000, 14.000000, 0.001738
18.000000, 15.000000, 0.001911
18.000000, 16.000000, 0.002095
18.000000, 17.000000, 0.002287
18.000000, 18.000000, 0.002485
18.000000, 19.000000, 0.002687
18.000000, 20.000000, 0.002886
18.000000, 21.000000, 0.003075
18.000000, 22.000000, 0.003244
18.000000, 23.000000, 0.003379
18.000000, 24.000000, 0.003468
18.000000, 25.000000, 0.003498
18.000000, 26.000000, 0.003466
18.000000, 27.000000, 0.003376
18.000000, 28.000000, 0.003239
18.000000, 29.000000, 0.003068
18.000000, 30.000000, 0.002877
18.000000, 31.000000, 0.002676
18.000000, 32.000000, 0.002473
18.000000, 33.000000, 0.002272
18.000000, 34.000000, 0.002078
18.000000, 35.000000, 0.001892
18.000000, 36.000000, 0.001716
18.000000, 37.000000, 0.001549
18.000000, 38.000000, 0.001392
18.000000, 39.000000, 0.001243
18.000000, 40.000000, 0.001103
18.000000, 41.000000, 0.000971
18.000000, 42.000000, 0.000846
18.000000, 43.000000, 0.000726
18.000000, 44.000000, 0.000613
18.000000, 45.000000, 0.000504
18.000000, 46.000000, 0.000398
18.000000, 47.000000, 0.000296
18.000000, 48.000000, 0.000196
18.000000, 49.000000, 0.000098
19.000000, 0.000000, 0.000092
19.000000, 1.000000, 0.000186
19.000000, 2.000000, 0.000281
19.000000, 3.000000, 0.000378
19.000000, 4.000000, 0.000478
19.000000, 5.000000, 0.000582
19.000000, 6.000000, 0.000691
19.000000, 7.000000, 0.000805
19.000000, 8.000000, 0.000926
19.000000, 9.000000, 0.001054
19.000000, 10.000000, 0.001191
19.000000, 11.000000, 0.001337
19.000000, 12.000000, 0.001493
19.000000, 13.000000, 0.001661
19.000000, 14.000000, 0.001840
19.000000, 15.000000, 0.002033
19.000000, 16.000000, 0.002238
19.000000, 17.000000, 0.002457
19.000000, 18.000000, 0.002687
19.000000, 19.000000, 0.002925
19.000000, 20.000000, 0.003167
19.000000, 21.000000, 0.003403
19.000000, 22.000000, 0.003621
19.000000, 23.000000, 0.003801
19.000000, 24.000000, 0.003922
19.000000, 25.000000, 0.003965
19.000000, 26.000000, 0.003921
19.000000, 27.000000, 0.003798
19.000000, 28.000000, 0.003616
19.000000, 29.000000, 0.003397
19.000000, 30.000000, 0.003158
19.000000, 31.000000, 0.002915
19.000000, 32.000000, 0.002674
19.000000, 33.000000, 0.002442
19.000000, 34.000000, 0.002221
19.000000, 35.000000, 0.002013
19.000000, 36.000000, 0.001818
19.000000, 37.000000, 0.001636
19.000000, 38.000000, 0.001465
19.000000, 39.000000, 0.001306
19.000000, 40.000000, 0.001156
19.000000, 41.000000, 0.001016
19.000000, 42.000000, 0.000883
19.000000, 43.000000, 0.000758
19.000000, 44.000000, 0.000638
19.000000, 45.000000, 0.000524
19.000000, 46.000000, 0.000414
19.000000, 47.000000, 0.000308
19.000000, 48.000000, 0.000204
19.000000, 49.000000, 0.000102
20.000000, 0.000000, 0.000095
20.000000, 1.000000, 0.000192
20.000000, 2.000000, 0.000290
20.000000, 3.000000, 0.000390
20.000000, 4.000000, 0.000494
20.000000, 5.000000, 0.000602
20.000000, 6.000000, 0.000715
20.000000, 7.000000, 0.000834
20.000000, 8.000000, 0.000960
20.000000, 9.000000, 0.001095
20.000000, 10.000000, 0.001239
20.000000, 11.000000, 0.001394
20.000000, 12.000000, 0.001561
20.000000, 13.000000, 0.001741
20.000000, 14.000000, 0.001936
20.000000, 15.000000, 0.002146
20.000000, 16.000000, 0.002375
20.000000, 17.000000, 0.002621
20.000000, 18.000000, 0.002886
20.000000, 19.000000, 0.003167
20.000000, 20.000000, 0.003461
20.000000, 21.000000, 0.003757
20.000000, 22.000000, 0.004042
20.000000, 23.000000, 0.004289
20.000000, 24.000000, 0.004463
20.000000, 25.000000, 0.004527
20.000000, 26.000000, 0.004462
20.000000, 27.000000, 0.004285
20.000000, 28.000000, 0.004037
20.000000, 29.000000, 0.003750
20.000000, 30.000000, 0.003452
20.000000, 31.000000, 0.003156
20.000000, 32.000000, 0.002873
20.000000, 33.000000, 0.002606
20.000000, 34.000000, 0.002357
20.000000, 35.000000, 0.002126
20.000000, 36.000000, 0.001913
20.000000, 37.000000, 0.001715
20.000000, 38.000000, 0.001532
20.000000, 39.000000, 0.001362
20.000000, 40.000000, 0.001204
20.000000, 41.000000, 0.001055
20.000000, 42.000000, 0.000917
20.000000, 43.000000, 0.000785
20.000000, 44.000000, 0.000661
20.000000, 45.000000, 0.000543
20.000000, 46.000000, 0.000429
20.000000, 47.000000, 0.000318
20.000000, 48.000000, 0.000211
20.000000, 49.000000, 0.000105
21.000000, 0.000000, 0.000098
21.000000, 1.000000, 0.000197
21.000000, 2.000000, 0.000297
21.000000, 3.000000, 0.000400
21.000000, 4.000000, 0.000507
21.000000, 5.000000, 0.000618
21.000000, 6.000000, 0.000735
21.000000, 7.000000, 0.000859
21.000000, 8.000000, 0.000990
21.000000, 9.000000, 0.001130
21.000000, 10.000000, 0.001281
21.000000, 11.000000, 0.001443
21.000000, 12.000000, 0.001619
21.000000, 13.000000, 0.001811
21.000000, 14.000000, 0.002020
21.000000, 15.000000, 0.002249
21.000000, 16.000000, 0.002499
21.000000, 17.000000, 0.002774
21.000000, 18.000000, 0.003075
21.000000, 19.000000, 0.003403
21.000000, 20.000000, 0.003757
21.000000, 21.000000, 0.004131
21.000000, 22.000000, 0.004508
21.000000, 23.000000, 0.004857
21.000000, 24.000000, 0.005122
21.000000, 25.000000, 0.005227
21.000000, 26.000000, 0.005120
21.000000, 27.000000, 0.004854
21.000000, 28.000000, 0.004503
21.000000, 29.000000, 0.004124
21.000000, 30.000000, 0.003748
21.000000, 31.000000, 0.003392
21.000000, 32.000000, 0.003062
21.000000, 33.000000, 0.002759
21.000000, 34.000000, 0.002481
21.000000, 35.000000, 0.002228
21.000000, 36.000000, 0.001997
21.000000, 37.000000, 0.001785
21.000000, 38.000000, 0.001590
21.000000, 39.000000, 0.001411
21.000000, 40.000000, 0.001244
21.000000, 41.000000, 0.001090
21.000000, 42.000000, 0.000945
21.000000, 43.000000, 0.000809
21.000000, 44.000000, 0.000680
21.000000, 45.000000, 0.000558
21.000000, 46.000000, 0.000441
21.000000, 47.000000, 0.000327
21.000000, 48.000000, 0.000216
21.000000, 49.000000, 0.000108
22.000000, 0.000000, 0.000100
22.000000, 1.000000, 0.000201
22.000000, 2.000000, 0.000303
22.000000, 3.000000, 0.000409
22.000000, 4.000000, 0.000518
22.000000, 5.000000, 0.000632
22.000000, 6.000000, 0.000752
22.000000, 7.000000, 0.000878
22.000000, 8.000000, 0.001014
22.000000, 9.000000, 0.001158
22.000000, 10.000000, 0.001314
22.000000, 11.000000, 0.001483
22.000000, 12.000000, 0.001668
22.000000, 13.000000, 0.001869
22.000000, 14.000000, 0.002090
22.000000, 15.000000, 0.002334
22.000000, 16.000000, 0.002606
22.000000, 17.000000, 0.002907
22.000000, 18.000000, 0.003244
22.000000, 19.000000, 0.003621
22.000000, 20.000000, 0.004042
22.000000, 21.000000, 0.004508
22.000000, 22.000000, 0.005011
22.000000, 23.000000, 0.005517
22.000000, 24.000000, 0.005947
22.000000, 25.000000, 0.006146
22.000000, 26.000000, 0.005946
22.000000, 27.000000, 0.005514
22.000000, 28.000000, 0.005006
22.000000, 29.000000, 0.004501
22.000000, 30.000000, 0.004033
22.000000, 31.000000, 0.003609
22.000000, 32.000000, 0.003230
22.000000, 33.000000, 0.002891
22.000000, 34.000000, 0.002587
22.000000, 35.000000, 0.002314
22.000000, 36.000000, 0.002067
22.000000, 37.000000, 0.001842
22.000000, 38.000000, 0.001638
22.000000, 39.000000, 0.001450
22.000000, 40.000000, 0.001278
22.000000, 41.000000, 0.001117
22.000000, 42.000000, 0.000968
22.000000, 43.000000, 0.000828
22.000000, 44.000000, 0.000696
22.000000, 45.000000, 0.000570
22.000000, 46.000000, 0.000450
22.000000, 47.000000, 0.000334
22.000000, 48.000000, 0.000221
22.000000, 49.000000, 0.000110
23.000000, 0.000000, 0.000101
23.000000, 1.000000, 0.000204
23.000000, 2.000000, 0.000308
23.000000, 3.000000, 0.000415
23.000000, 4.000000, 0.000526
23.000000, 5.000000, 0.000641
23.000000, 6.000000, 0.000763
23.000000, 7.000000, 0.000893
23.000000, 8.000000, 0.001031
23.000000, 9.000000, 0.001179
23.000000, 10.000000, 0.001339
23.000000, 11.000000, 0.001513
23.000000, 12.000000, 0.001703
23.000000, 13.000000, 0.001912
23.000000, 14.000000, 0.002143
23.000000, 15.000000, 0.002400
23.000000, 16.000000, 0.002687
23.000000, 17.000000, 0.003011
23.000000, 18.000000, 0.003379
23.000000, 19.000000, 0.003801
23.000000, 20.000000, 0.004289
23.000000, 21.000000, 0.004857
23.000000, 22.000000, 0.005517
23.000000, 23.000000, 0.006263
23.000000, 24.000000, 0.007011
23.000000, 25.000000, 0.007473
23.000000, 26.000000, 0.007009
23.000000, 27.000000, 0.006259
23.000000, 28.000000, 0.005512
23.000000, 29.000000, 0.004850
23.000000, 30.000000, 0.004280
23.000000, 31.000000, 0.003790
23.000000, 32.000000, 0.003365
23.000000, 33.000000, 0.002995
23.000000, 34.000000, 0.002669
23.000000, 35.000000, 0.002379
23.000000, 36.000000, 0.002119
23.000000, 37.000000, 0.001886
23.000000, 38.000000, 0.001673
23.000000, 39.000000, 0.001480
23.000000, 40.000000, 0.001302
23.000000, 41.000000, 0.001138
23.000000, 42.000000, 0.000985
23.000000, 43.000000, 0.000842
23.000000, 44.000000, 0.000707
23.000000, 45.000000, 0.000579
23.000000, 46.000000, 0.000457
23.000000, 47.000000, 0.000339
23.000000, 48.000000, 0.000224
23.000000, 49.000000, 0.000112
24.000000, 0.000000, 0.000102
24.000000, 1.000000, 0.000205
24.000000, 2.000000, 0.000310
24.000000, 3.000000, 0.000418
24.000000, 4.000000, 0.000530
24.000000, 5.000000, 0.000647
24.000000, 6.000000, 0.000771
24.000000, 7.000000, 0.000901
24.000000, 8.000000, 0.001041
24.000000, 9.000000, 0.001191
24.000000, 10.000000, 0.001354
24.000000, 11.000000, 0.001531
24.000000, 12.000000, 0.001725
24.000000, 13.000000, 0.001939
24.000000, 14.000000, 0.002176
24.000000, 15.000000, 0.002441
24.000000, 16.000000, 0.002739
24.000000, 17.000000, 0.003078
24.000000, 18.000000, 0.003468
24.000000, 19.000000, 0.003922
24.000000, 20.000000, 0.004463
24.000000, 21.000000, 0.005122
24.000000, 22.000000, 0.005947
24.000000, 23.000000, 0.007011
24.000000, 24.000000, 0.008371
24.000000, 25.000000, 0.009734
24.000000, 26.000000, 0.008369
24.000000, 27.000000, 0.007008
24.000000, 28.000000, 0.005942
24.000000, 29.000000, 0.005114
24.000000, 30.000000, 0.004454
24.000000, 31.000000, 0.003911
24.000000, 32.000000, 0.003454
24.000000, 33.000000, 0.003062
24.000000, 34.000000, 0.002720
24.000000, 35.000000, 0.002420
24.000000, 36.000000, 0.002152
24.000000, 37.000000, 0.001912
24.000000, 38.000000, 0.001695
24.000000, 39.000000, 0.001497
24.000000, 40.000000, 0.001317
24.000000, 41.000000, 0.001150
24.000000, 42.000000, 0.000995
24.000000, 43.000000, 0.000850
24.000000, 44.000000, 0.000714
24.000000, 45.000000, 0.000585
24.000000, 46.000000, 0.000461
24.000000, 47.000000, 0.000342
24.000000, 48.000000, 0.000226
24.000000, 49.000000, 0.000113
25.000000, 0.000000, 0.000102
25.000000, 1.000000, 0.000206
25.000000, 2.000000, 0.000311
25.000000, 3.000000, 0.000419
25.000000, 4.000000, 0.000531
25.000000, 5.000000, 0.000649
25.000000, 6.000000, 0.000772
25.000000, 7.000000, 0.000904
25.000000, 8.000000, 0.001044
25.000000, 9.000000, 0.001195
25.000000, 10.000000, 0.001359
25.000000, 11.000000, 0.001537
25.000000, 12.000000, 0.001732
25.000000, 13.000000, 0.001948
25.000000, 14.000000, 0.002186
25.000000, 15.000000, 0.002454
25.000000, 16.000000, 0.002756
25.000000, 17.000000, 0.003100
25.000000, 18.000000, 0.003498
25.000000, 19.000000, 0.003966
25.000000, 20.000000, 0.004527
25.000000, 21.000000, 0.005227
25.000000, 22.000000, 0.006146
25.000000, 23.000000, 0.007473
25.000000, 24.000000, 0.009734
25.000000, 25.000000, 0.014731
25.000000, 26.000000, 0.009732
25.000000, 27.000000, 0.007470
25.000000, 28.000000, 0.006141
25.000000, 29.000000, 0.005220
25.000000, 30.000000, 0.004518
25.000000, 31.000000, 0.003954
25.000000, 32.000000, 0.003484
25.000000, 33.000000, 0.003084
25.000000, 34.000000, 0.002738
25.000000, 35.000000, 0.002433
25.000000, 36.000000, 0.002163
25.000000, 37.000000, 0.001921
25.000000, 38.000000, 0.001702
25.000000, 39.000000, 0.001503
25.000000, 40.000000, 0.001321
25.000000, 41.000000, 0.001154
25.000000, 42.000000, 0.000998
25.000000, 43.000000, 0.000853
25.000000, 44.000000, 0.000716
25.000000, 45.000000, 0.000586
25.000000, 46.000000, 0.000462
25.000000, 47.000000, 0.000343
25.000000, 48.000000, 0.000227
25.000000, 49.000000, 0.000113
26.000000, 0.000000, 0.000102
26.000000, 1.000000, 0.000205
26.000000, 2.000000, 0.000310
26.000000, 3.000000, 0.000418
26.000000, 4.000000, 0.000530
26.000000, 5.000000, 0.000646
26.000000, 6.000000, 0.000770
26.000000, 7.000000, 0.000900
26.000000, 8.000000, 0.001040
26.000000, 9.000000, 0.001190
26.000000, 10.000000, 0.001353
26.000000, 11.000000, 0.001530
26.000000, 12.000000, 0.001724
26.000000, 13.000000, 0.001937
26.000000, 14.000000, 0.002175
26.000000, 15.000000, 0.002439
26.000000, 16.000000, 0.002737
26.000000, 17.000000, 0.003076
26.000000, 18.000000, 0.003466
26.000000, 19.000000, 0.003921
26.000000, 20.000000, 0.004462
26.000000, 21.000000, 0.005120
26.000000, 22.000000, 0.005946
26.000000, 23.000000, 0.007009
26.000000, 24.000000, 0.008369
26.000000, 25.000000, 0.009732
26.000000, 26.000000, 0.008367
26.000000, 27.000000, 0.007006
26.000000, 28.000000, 0.005940
26.000000, 29.000000, 0.005112
26.000000, 30.000000, 0.004452
26.000000, 31.000000, 0.003909
26.000000, 32.000000, 0.003452
26.000000, 33.000000, 0.003060
26.000000, 34.000000, 0.002719
26.000000, 35.000000, 0.002418
26.000000, 36.000000, 0.002151
26.000000, 37.000000, 0.001911
26.000000, 38.000000, 0.001694
26.000000, 39.000000, 0.001496
26.000000, 40.000000, 0.001316
26.000000, 41.000000, 0.001149
26.000000, 42.000000, 0.000994
26.000000, 43.000000, 0.000849
26.000000, 44.000000, 0.000713
26.000000, 45.000000, 0.000584
26.000000, 46.000000, 0.000461
26.000000, 47.000000, 0.000342
26.000000, 48.000000, 0.000226
26.000000, 49.000000, 0.000112
27.000000, 0.000000, 0.000101
27.000000, 1.000000, 0.000203
27.000000, 2.000000, 0.000307
27.000000, 3.000000, 0.000414
27.000000, 4.000000, 0.000524
27.000000, 5.000000, 0.000640
27.000000, 6.000000, 0.000762
27.000000, 7.000000, 0.000891
27.000000, 8.000000, 0.001029
27.000000, 9.000000, 0.001177
27.000000, 10.000000, 0.001337
27.000000, 11.000000, 0.001511
27.000000, 12.000000, 0.001701
27.000000, 13.000000, 0.001910
27.000000, 14.000000, 0.002140
27.000000, 15.000000, 0.002397
27.000000, 16.000000, 0.002684
27.000000, 17.000000, 0.003008
27.000000, 18.000000, 0.003376
27.000000, 19.000000, 0.003798
27.000000, 20.000000, 0.004285
27.000000, 21.000000, 0.004854
27.000000, 22.000000, 0.005514
27.000000, 23.000000, 0.006259
27.000000, 24.000000, 0.007008
27.000000, 25.000000, 0.007470
27.000000, 26.000000, 0.007006
27.000000, 27.000000, 0.006255
27.000000, 28.000000, 0.005508
27.000000, 29.000000, 0.004847
27.000000, 30.000000, 0.004276
27.000000, 31.000000, 0.003786
27.000000, 32.000000, 0.003362
27.000000, 33.000000, 0.002992
27.000000, 34.000000, 0.002666
27.000000, 35.000000, 0.002376
27.000000, 36.000000, 0.002117
27.000000, 37.000000, 0.001883
27.000000, 38.000000, 0.001671
27.000000, 39.000000, 0.001477
27.000000, 40.000000, 0.001300
27.000000, 41.000000, 0.001136
27.000000, 42.000000, 0.000983
27.000000, 43.000000, 0.000840
27.000000, 44.000000, 0.000706
27.000000, 45.000000, 0.000578
27.000000, 46.000000, 0.000456
27.000000, 47.000000, 0.000338
27.000000, 48.000000, 0.000224
27.000000, 49.000000, 0.000111
28.000000, 0.000000, 0.000100
28.000000, 1.000000, 0.000200
28.000000, 2.000000, 0.000302
28.000000, 3.000000, 0.000407
28.000000, 4.000000, 0.000516
28.000000, 5.000000, 0.000630
28.000000, 6.000000, 0.000749
28.000000, 7.000000, 0.000876
28.000000, 8.000000, 0.001011
28.000000, 9.000000, 0.001155
28.000000, 10.000000, 0.001311
28.000000, 11.000000, 0.001480
28.000000, 12.000000, 0.001664
28.000000, 13.000000, 0.001865
28.000000, 14.000000, 0.002086
28.000000, 15.000000, 0.002330
28.000000, 16.000000, 0.002601
28.000000, 17.000000, 0.002902
28.000000, 18.000000, 0.003239
28.000000, 19.000000, 0.003615
28.000000, 20.000000, 0.004037
28.000000, 21.000000, 0.004503
28.000000, 22.000000, 0.005006
28.000000, 23.000000, 0.005512
28.000000, 24.000000, 0.005942
28.000000, 25.000000, 0.006141
28.000000, 26.000000, 0.005940
28.000000, 27.000000, 0.005508
28.000000, 28.000000, 0.005000
28.000000, 29.000000, 0.004496
28.000000, 30.000000, 0.004028
28.000000, 31.000000, 0.003604
28.000000, 32.000000, 0.003225
28.000000, 33.000000, 0.002886
28.000000, 34.000000, 0.002583
28.000000, 35.000000, 0.002309
28.000000, 36.000000, 0.002063
28.000000, 37.000000, 0.001839
28.000000, 38.000000, 0.001634
28.000000, 39.000000, 0.001447
28.000000, 40.000000, 0.001274
28.000000, 41.000000, 0.001114
28.000000, 42.000000, 0.000965
28.000000, 43.000000, 0.000826
28.000000, 44.000000, 0.000694
28.000000, 45.000000, 0.000569
28.000000, 46.000000, 0.000449
28.000000, 47.000000, 0.000333
28.000000, 48.000000, 0.000220
28.000000, 49.000000, 0.000110
29.000000, 0.000000, 0.000097
29.000000, 1.000000, 0.000196
29.000000, 2.000000, 0.000296
29.000000, 3.000000, 0.000399
29.000000, 4.000000, 0.000505
29.000000, 5.000000, 0.000616
29.000000, 6.000000, 0.000732
29.000000, 7.000000, 0.000855
29.000000, 8.000000, 0.000986
29.000000, 9.000000, 0.001126
29.000000, 10.000000, 0.001276
29.000000, 11.000000, 0.001439
29.000000, 12.000000, 0.001614
29.000000, 13.000000, 0.001806
29.000000, 14.000000, 0.002014
29.000000, 15.000000, 0.002243
29.000000, 16.000000, 0.002493
29.000000, 17.000000, 0.002768
29.000000, 18.000000, 0.003068
29.000000, 19.000000, 0.003397
29.000000, 20.000000, 0.003750
29.000000, 21.000000, 0.004124
29.000000, 22.000000, 0.004501
29.000000, 23.000000, 0.004850
29.000000, 24.000000, 0.005114
29.000000, 25.000000, 0.005220
29.000000, 26.000000, 0.005112
29.000000, 27.000000, 0.004847
29.000000, 28.000000, 0.004496
29.000000, 29.000000, 0.004117
29.000000, 30.000000, 0.003741
29.000000, 31.000000, 0.003385
29.000000, 32.000000, 0.003055
29.000000, 33.000000, 0.002752
29.000000, 34.000000, 0.002475
29.000000, 35.000000, 0.002222
29.000000, 36.000000, 0.001991
29.000000, 37.000000, 0.001780
29.000000, 38.000000, 0.001585
29.000000, 39.000000, 0.001406
29.000000, 40.000000, 0.001240
29.000000, 41.000000, 0.001086
29.000000, 42.000000, 0.000942
29.000000, 43.000000, 0.000806
29.000000, 44.000000, 0.000678
29.000000, 45.000000, 0.000556
29.000000, 46.000000, 0.000439
29.000000, 47.000000, 0.000326
29.000000, 48.000000, 0.000216
29.000000, 49.000000, 0.000107
30.000000, 0.000000, 0.000095
30.000000, 1.000000, 0.000191
30.000000, 2.000000, 0.000288
30.000000, 3.000000, 0.000388
30.000000, 4.000000, 0.000491
30.000000, 5.000000, 0.000598
30.000000, 6.000000, 0.000711
30.000000, 7.000000, 0.000830
30.000000, 8.000000, 0.000956
30.000000, 9.000000, 0.001090
30.000000, 10.000000, 0.001234
30.000000, 11.000000, 0.001388
30.000000, 12.000000, 0.001554
30.000000, 13.000000, 0.001734
30.000000, 14.000000, 0.001928
30.000000, 15.000000, 0.002139
30.000000, 16.000000, 0.002367
30.000000, 17.000000, 0.002613
30.000000, 18.000000, 0.002877
30.000000, 19.000000, 0.003158
30.000000, 20.000000, 0.003452
30.000000, 21.000000, 0.003748
30.000000, 22.000000, 0.004033
30.000000, 23.000000, 0.004280
30.000000, 24.000000, 0.004454
30.000000, 25.000000, 0.004518
30.000000, 26.000000, 0.004452
30.000000, 27.000000, 0.004276
30.000000, 28.000000, 0.004028
30.000000, 29.000000, 0.003741
30.000000, 30.000000, 0.003443
30.000000, 31.000000, 0.003147
30.000000, 32.000000, 0.002865
30.000000, 33.000000, 0.002598
30.000000, 34.000000, 0.002350
30.000000, 35.000000, 0.002119
30.000000, 36.000000, 0.001906
30.000000, 37.000000, 0.001708
30.000000, 38.000000, 0.001526
30.000000, 39.000000, 0.001356
30.000000, 40.000000, 0.001198
30.000000, 41.000000, 0.001051
30.000000, 42.000000, 0.000912
30.000000, 43.000000, 0.000782
30.000000, 44.000000, 0.000658
30.000000, 45.000000, 0.000540
30.000000, 46.000000, 0.000426
30.000000, 47.000000, 0.000317
30.000000, 48.000000, 0.000210
30.000000, 49.000000, 0.000104
31.000000, 0.000000, 0.000092
31.000000, 1.000000, 0.000184
31.000000, 2.000000, 0.000279
31.000000, 3.000000, 0.000375
31.000000, 4.000000, 0.000474
31.000000, 5.000000, 0.000578
31.000000, 6.000000, 0.000686
31.000000, 7.000000, 0.000800
31.000000, 8.000000, 0.000920
31.000000, 9.000000, 0.001048
31.000000, 10.000000, 0.001184
31.000000, 11.000000, 0.001329
31.000000, 12.000000, 0.001485
31.000000, 13.000000, 0.001652
31.000000, 14.000000, 0.001831
31.000000, 15.000000, 0.002024
31.000000, 16.000000, 0.002229
31.000000, 17.000000, 0.002447
31.000000, 18.000000, 0.002676
31.000000, 19.000000, 0.002915
31.000000, 20.000000, 0.003156
31.000000, 21.000000, 0.003392
31.000000, 22.000000, 0.003609
31.000000, 23.000000, 0.003790
31.000000, 24.000000, 0.003911
31.000000, 25.000000, 0.003954
31.000000, 26.000000, 0.003909
31.000000, 27.000000, 0.003786
31.000000, 28.000000, 0.003604
31.000000, 29.000000, 0.003385
31.000000, 30.000000, 0.003147
31.000000, 31.000000, 0.002904
31.000000, 32.000000, 0.002664
31.000000, 33.000000, 0.002432
31.000000, 34.000000, 0.002212
31.000000, 35.000000, 0.002004
31.000000, 36.000000, 0.001810
31.000000, 37.000000, 0.001628
31.000000, 38.000000, 0.001457
31.000000, 39.000000, 0.001299
31.000000, 40.000000, 0.001149
31.000000, 41.000000, 0.001010
31.000000, 42.000000, 0.000878
31.000000, 43.000000, 0.000753
31.000000, 44.000000, 0.000634
31.000000, 45.000000, 0.000521
31.000000, 46.000000, 0.000412
31.000000, 47.000000, 0.000306
31.000000, 48.000000, 0.000203
31.000000, 49.000000, 0.000101
32.000000, 0.000000, 0.000088
32.000000, 1.000000, 0.000177
32.000000, 2.000000, 0.000268
32.000000, 3.000000, 0.000360
32.000000, 4.000000, 0.000456
32.000000, 5.000000, 0.000555
32.000000, 6.000000, 0.000658
32.000000, 7.000000, 0.000766
32.000000, 8.000000, 0.000880
32.000000, 9.000000, 0.001001
32.000000, 10.000000, 0.001129
32.000000, 11.000000, 0.001265
32.000000, 12.000000, 0.001409
32.000000, 13.000000, 0.001563
32.000000, 14.000000, 0.001727
32.000000, 15.000000, 0.001900
32.000000, 16.000000, 0.002084
32.000000, 17.000000, 0.002275
32.000000, 18.000000, 0.002473
32.000000, 19.000000, 0.002674
32.000000, 20.000000, 0.002873
32.000000, 21.000000, 0.003062
32.000000, 22.000000, 0.003230
32.000000, 23.000000, 0.003365
32.000000, 24.000000, 0.003454
32.000000, 25.000000, 0.003484
32.000000, 26.000000, 0.003452
32.000000, 27.000000, 0.003362
32.000000, 28.000000, 0.003225
32.000000, 29.000000, 0.003055
32.000000, 30.000000, 0.002865
32.000000, 31.000000, 0.002664
32.000000, 32.000000, 0.002461
32.000000, 33.000000, 0.002261
32.000000, 34.000000, 0.002067
32.000000, 35.000000, 0.001882
32.000000, 36.000000, 0.001706
32.000000, 37.000000, 0.001539
32.000000, 38.000000, 0.001383
32.000000, 39.000000, 0.001235
32.000000, 40.000000, 0.001095
32.000000, 41.000000, 0.000964
32.000000, 42.000000, 0.000839
32.000000, 43.000000, 0.000721
32.000000, 44.000000, 0.000608
32.000000, 45.000000, 0.000500
32.000000, 46.000000, 0.000395
32.000000, 47.000000, 0.000294
32.000000, 48.000000, 0.000195
32.000000, 49.000000, 0.000097
33.000000, 0.000000, 0.000084
33.000000, 1.000000, 0.000170
33.000000, 2.000000, 0.000256
33.000000, 3.000000, 0.000344
33.000000, 4.000000, 0.000435
33.000000, 5.000000, 0.000529
33.000000, 6.000000, 0.000627
33.000000, 7.000000, 0.000729
33.000000, 8.000000, 0.000837
33.000000, 9.000000, 0.000950
33.000000, 10.000000, 0.001069
33.000000, 11.000000, 0.001195
33.000000, 12.000000, 0.001328
33.000000, 13.000000, 0.001469
33.000000, 14.000000, 0.001618
33.000000, 15.000000, 0.001773
33.000000, 16.000000, 0.001935
33.000000, 17.000000, 0.002103
33.000000, 18.000000, 0.002272
33.000000, 19.000000, 0.002442
33.000000, 20.000000, 0.002606
33.000000, 21.000000, 0.002759
33.000000, 22.000000, 0.002891
33.000000, 23.000000, 0.002995
33.000000, 24.000000, 0.003062
33.000000, 25.000000, 0.003084
33.000000, 26.000000, 0.003060
33.000000, 27.000000, 0.002992
33.000000, 28.000000, 0.002886
33.000000, 29.000000, 0.002752
33.000000, 30.000000, 0.002598
33.000000, 31.000000, 0.002432
33.000000, 32.000000, 0.002261
33.000000, 33.000000, 0.002089
33.000000, 34.000000, 0.001919
33.000000, 35.000000, 0.001755
33.000000, 36.000000, 0.001597
33.000000, 37.000000, 0.001446
33.000000, 38.000000, 0.001303
33.000000, 39.000000, 0.001166
33.000000, 40.000000, 0.001037
33.000000, 41.000000, 0.000914
33.000000, 42.000000, 0.000797
33.000000, 43.000000, 0.000686
33.000000, 44.000000, 0.000579
33.000000, 45.000000, 0.000476
33.000000, 46.000000, 0.000377
33.000000, 47.000000, 0.000280
33.000000, 48.000000, 0.000186
33.000000, 49.000000, 0.000093
34.000000, 0.000000, 0.000080
34.000000, 1.000000, 0.000161
34.000000, 2.000000, 0.000243
34.000000, 3.000000, 0.000327
34.000000, 4.000000, 0.000413
34.000000, 5.000000, 0.000502
34.000000, 6.000000, 0.000594
34.000000, 7.000000, 0.000690
34.000000, 8.000000, 0.000790
34.000000, 9.000000, 0.000896
34.000000, 10.000000, 0.001006
34.000000, 11.000000, 0.001122
34.000000, 12.000000, 0.001245
34.000000, 13.000000, 0.001372
34.000000, 14.000000, 0.001506
34.000000, 15.000000, 0.001644
34.000000, 16.000000, 0.001787
34.000000, 17.000000, 0.001932
34.000000, 18.000000, 0.002078
34.000000, 19.000000, 0.002221
34.000000, 20.000000, 0.002357
34.000000, 21.000000, 0.002481
34.000000, 22.000000, 0.002587
34.000000, 23.000000, 0.002669
34.000000, 24.000000, 0.002721
34.000000, 25.000000, 0.002737
34.000000, 26.000000, 0.002719
34.000000, 27.000000, 0.002666
34.000000, 28.000000, 0.002583
34.000000, 29.000000, 0.002475
34.000000, 30.000000, 0.002350
34.000000, 31.000000, 0.002212
34.000000, 32.000000, 0.002067
34.000000, 33.000000, 0.001919
34.000000, 34.000000, 0.001772
34.000000, 35.000000, 0.001627
34.000000, 36.000000, 0.001486
34.000000, 37.000000, 0.001350
34.000000, 38.000000, 0.001220
34.000000, 39.000000, 0.001095
34.000000, 40.000000, 0.000975
34.000000, 41.000000, 0.000861
34.000000, 42.000000, 0.000753
34.000000, 43.000000, 0.000648
34.000000, 44.000000, 0.000548
34.000000, 45.000000, 0.000451
34.000000, 46.000000, 0.000357
34.000000, 47.000000, 0.000266
34.000000, 48.000000, 0.000176
34.000000, 49.000000, 0.000088
35.000000, 0.000000, 0.000076
35.000000, 1.000000, 0.000152
35.000000, 2.000000, 0.000230
35.000000, 3.000000, 0.000309
35.000000, 4.000000, 0.000389
35.000000, 5.000000, 0.000473
35.000000, 6.000000, 0.000559
35.000000, 7.000000, 0.000649
35.000000, 8.000000, 0.000742
35.000000, 9.000000, 0.000839
35.000000, 10.000000, 0.000941
35.000000, 11.000000, 0.001048
35.000000, 12.000000, 0.001158
35.000000, 13.000000, 0.001274
35.000000, 14.000000, 0.001393
35.000000, 15.000000, 0.001516
35.000000, 16.000000, 0.001641
35.000000, 17.000000, 0.001768
35.000000, 18.000000, 0.001892
35.000000, 19.000000, 0.002013
35.000000, 20.000000, 0.002126
35.000000, 21.000000, 0.002228
35.000000, 22.000000, 0.002314
35.000000, 23.000000, 0.002379
35.000000, 24.000000, 0.002420
35.000000, 25.000000, 0.002433
35.000000, 26.000000, 0.002418
35.000000, 27.000000, 0.002376
35.000000, 28.000000, 0.002309
35.000000, 29.000000, 0.002222
35.000000, 30.000000, 0.002119
35.000000, 31.000000, 0.002004
35.000000, 32.000000, 0.001882
35.000000, 33.000000, 0.001755
35.000000, 34.000000, 0.001627
35.000000, 35.000000, 0.001500
35.000000, 36.000000, 0.001374
35.000000, 37.000000, 0.001253
35.000000, 38.000000, 0.001135
35.000000, 39.000000, 0.001021
35.000000, 40.000000, 0.000912
35.000000, 41.000000, 0.000807
35.000000, 42.000000, 0.000706
35.000000, 43.000000, 0.000609
35.000000, 44.000000, 0.000515
35.000000, 45.000000, 0.000425
35.000000, 46.000000, 0.000337
35.000000, 47.000000, 0.000251
35.000000, 48.000000, 0.000166
35.000000, 49.000000, 0.000083
36.000000, 0.000000, 0.000071
36.000000, 1.000000, 0.000143
36.000000, 2.000000, 0.000215
36.000000, 3.000000, 0.000289
36.000000, 4.000000, 0.000365
36.000000, 5.000000, 0.000442
36.000000, 6.000000, 0.000523
36.000000, 7.000000, 0.000606
36.000000, 8.000000, 0.000692
36.000000, 9.000000, 0.000781
36.000000, 10.000000, 0.000875
36.000000, 11.000000, 0.000971
36.000000, 12.000000, 0.001072
36.000000, 13.000000, 0.001175
36.000000, 14.000000, 0.001282
36.000000, 15.000000, 0.001390
36.000000, 16.000000, 0.001500
36.000000, 17.000000, 0.001609
36.000000, 18.000000, 0.001716
36.000000, 19.000000, 0.001818
36.000000, 20.000000, 0.001913
36.000000, 21.000000, 0.001997
36.000000, 22.000000, 0.002067
36.000000, 23.000000, 0.002119
36.000000, 24.000000, 0.002152
36.000000, 25.000000, 0.002163
36.000000, 26.000000, 0.002151
36.000000, 27.000000, 0.002117
36.000000, 28.000000, 0.002063
36.000000, 29.000000, 0.001991
36.000000, 30.000000, 0.001906
36.000000, 31.000000, 0.001810
36.000000, 32.000000, 0.001706
36.000000, 33.000000, 0.001597
36.000000, 34.000000, 0.001486
36.000000, 35.000000, 0.001374
36.000000, 36.000000, 0.001264
36.000000, 37.000000, 0.001155
36.000000, 38.000000, 0.001049
36.000000, 39.000000, 0.000946
36.000000, 40.000000, 0.000847
36.000000, 41.000000, 0.000751
36.000000, 42.000000, 0.000658
36.000000, 43.000000, 0.000568
36.000000, 44.000000, 0.000481
36.000000, 45.000000, 0.000397
36.000000, 46.000000, 0.000315
36.000000, 47.000000, 0.000235
36.000000, 48.000000, 0.000156
36.000000, 49.000000, 0.000078
37.000000, 0.000000, 0.000066
37.000000, 1.000000, 0.000133
37.000000, 2.000000, 0.000201
37.000000, 3.000000, 0.000269
37.000000, 4.000000, 0.000339
37.000000, 5.000000, 0.000411
37.000000, 6.000000, 0.000485
37.000000, 7.000000, 0.000562
37.000000, 8.000000, 0.000641
37.000000, 9.000000, 0.000723
37.000000, 10.000000, 0.000807
37.000000, 11.000000, 0.000895
37.000000, 12.000000, 0.000985
37.000000, 13.000000, 0.001078
37.000000, 14.000000, 0.001172
37.000000, 15.000000, 0.001268
37.000000, 16.000000, 0.001363
37.000000, 17.000000, 0.001458
37.000000, 18.000000, 0.001549
37.000000, 19.000000, 0.001636
37.000000, 20.000000, 0.001715
37.000000, 21.000000, 0.001785
37.000000, 22.000000, 0.001842
37.000000, 23.000000, 0.001886
37.000000, 24.000000, 0.001912
37.000000, 25.000000, 0.001921
37.000000, 26.000000, 0.001911
37.000000, 27.000000, 0.001883
37.000000, 28.000000, 0.001839
37.000000, 29.000000, 0.001780
37.000000, 30.000000, 0.001708
37.000000, 31.000000, 0.001628
37.000000, 32.000000, 0.001539
37.000000, 33.000000, 0.001446
37.000000, 34.000000, 0.001350
37.000000, 35.000000, 0.001253
37.000000, 36.000000, 0.001155
37.000000, 37.000000, 0.001059
37.000000, 38.000000, 0.000964
37.000000, 39.000000, 0.000871
37.000000, 40.000000, 0.000781
37.000000, 41.000000, 0.000694
37.000000, 42.000000, 0.000609
37.000000, 43.000000, 0.000526
37.000000, 44.000000, 0.000447
37.000000, 45.000000, 0.000369
37.000000, 46.000000, 0.000293
37.000000, 47.000000, 0.000218
37.000000, 48.000000, 0.000145
37.000000, 49.000000, 0.000072
38.000000, 0.000000, 0.000061
38.000000, 1.000000, 0.000123
38.000000, 2.000000, 0.000185
38.000000, 3.000000, 0.000249
38.000000, 4.000000, 0.000313
38.000000, 5.000000, 0.000379
38.000000, 6.000000, 0.000447
38.000000, 7.000000, 0.000517
38.000000, 8.000000, 0.000589
38.000000, 9.000000, 0.000663
38.000000, 10.000000, 0.000740
38.000000, 11.000000, 0.000818
38.000000, 12.000000, 0.000899
38.000000, 13.000000, 0.000981
38.000000, 14.000000, 0.001065
38.000000, 15.000000, 0.001148
38.000000, 16.000000, 0.001232
38.000000, 17.000000, 0.001313
38.000000, 18.000000, 0.001392
38.000000, 19.000000, 0.001465
38.000000, 20.000000, 0.001532
38.000000, 21.000000, 0.001590
38.000000, 22.000000, 0.001638
38.000000, 23.000000, 0.001673
38.000000, 24.000000, 0.001695
38.000000, 25.000000, 0.001702
38.000000, 26.000000, 0.001694
38.000000, 27.000000, 0.001671
38.000000, 28.000000, 0.001634
38.000000, 29.000000, 0.001585
38.000000, 30.000000, 0.001526
38.000000, 31.000000, 0.001457
38.000000, 32.000000, 0.001383
38.000000, 33.000000, 0.001303
38.000000, 34.000000, 0.001220
38.000000, 35.000000, 0.001135
38.000000, 36.000000, 0.001049
38.000000, 37.000000, 0.000964
38.000000, 38.000000, 0.000879
38.000000, 39.000000, 0.000797
38.000000, 40.000000, 0.000716
38.000000, 41.000000, 0.000636
38.000000, 42.000000, 0.000559
38.000000, 43.000000, 0.000484
38.000000, 44.000000, 0.000411
38.000000, 45.000000, 0.000340
38.000000, 46.000000, 0.000270
38.000000, 47.000000, 0.000201
38.000000, 48.000000, 0.000134
38.000000, 49.000000, 0.000067
39.000000, 0.000000, 0.000056
39.000000, 1.000000, 0.000113
39.000000, 2.000000, 0.000170
39.000000, 3.000000, 0.000228
39.000000, 4.000000, 0.000287
39.000000, 5.000000, 0.000347
39.000000, 6.000000, 0.000409
39.000000, 7.000000, 0.000472
39.000000, 8.000000, 0.000537
39.000000, 9.000000, 0.000604
39.000000, 10.000000, 0.000673
39.000000, 11.000000, 0.000743
39.000000, 12.000000, 0.000815
39.000000, 13.000000, 0.000888
39.000000, 14.000000, 0.000961
39.000000, 15.000000, 0.001034
39.000000, 16.000000, 0.001106
39.000000, 17.000000, 0.001176
39.000000, 18.000000, 0.001243
39.000000, 19.000000, 0.001306
39.000000, 20.000000, 0.001362
39.000000, 21.000000, 0.001411
39.000000, 22.000000, 0.001450
39.000000, 23.000000, 0.001480
39.000000, 24.000000, 0.001497
39.000000, 25.000000, 0.001503
39.000000, 26.000000, 0.001496
39.000000, 27.000000, 0.001477
39.000000, 28.000000, 0.001447
39.000000, 29.000000, 0.001406
39.000000, 30.000000, 0.001356
39.000000, 31.000000, 0.001299
39.000000, 32.000000, 0.001235
39.000000, 33.000000, 0.001166
39.000000, 34.000000, 0.001095
39.000000, 35.000000, 0.001021
39.000000, 36.000000, 0.000946
39.000000, 37.000000, 0.000871
39.000000, 38.000000, 0.000797
39.000000, 39.000000, 0.000723
39.000000, 40.000000, 0.000650
39.000000, 41.000000, 0.000579
39.000000, 42.000000, 0.000510
39.000000, 43.000000, 0.000442
39.000000, 44.000000, 0.000376
39.000000, 45.000000, 0.000311
39.000000, 46.000000, 0.000247
39.000000, 47.000000, 0.000184
39.000000, 48.000000, 0.000122
39.000000, 49.000000, 0.000061
40.000000, 0.000000, 0.000051
40.000000, 1.000000, 0.000103
40.000000, 2.000000, 0.000155
40.000000, 3.000000, 0.000207
40.000000, 4.000000, 0.000261
40.000000, 5.000000, 0.000315
40.000000, 6.000000, 0.000371
40.000000, 7.000000, 0.000428
40.000000, 8.000000, 0.000486
40.000000, 9.000000, 0.000546
40.000000, 10.000000, 0.000607
40.000000, 11.000000, 0.000669
40.000000, 12.000000, 0.000732
40.000000, 13.000000, 0.000796
40.000000, 14.000000, 0.000860
40.000000, 15.000000, 0.000923
40.000000, 16.000000, 0.000986
40.000000, 17.000000, 0.001046
40.000000, 18.000000, 0.001103
40.000000, 19.000000, 0.001156
40.000000, 20.000000, 0.001204
40.000000, 21.000000, 0.001244
40.000000, 22.000000, 0.001278
40.000000, 23.000000, 0.001302
40.000000, 24.000000, 0.001317
40.000000, 25.000000, 0.001321
40.000000, 26.000000, 0.001316
40.000000, 27.000000, 0.001300
40.000000, 28.000000, 0.001274
40.000000, 29.000000, 0.001240
40.000000, 30.000000, 0.001198
40.000000, 31.000000, 0.001149
40.000000, 32.000000, 0.001095
40.000000, 33.000000, 0.001037
40.000000, 34.000000, 0.000975
40.000000, 35.000000, 0.000912
40.000000, 36.000000, 0.000847
40.000000, 37.000000, 0.000781
40.000000, 38.000000, 0.000716
40.000000, 39.000000, 0.000650
40.000000, 40.000000, 0.000586
40.000000, 41.000000, 0.000523
40.000000, 42.000000, 0.000461
40.000000, 43.000000, 0.000400
40.000000, 44.000000, 0.000340
40.000000, 45.000000, 0.000282
40.000000, 46.000000, 0.000224
40.000000, 47.000000, 0.000167
40.000000, 48.000000, 0.000111
40.000000, 49.000000, 0.000055
41.000000, 0.000000, 0.000046
41.000000, 1.000000, 0.000092
41.000000, 2.000000, 0.000139
41.000000, 3.000000, 0.000186
41.000000, 4.000000, 0.000234
41.000000, 5.000000, 0.000283
41.000000, 6.000000, 0.000332
41.000000, 7.000000, 0.000383
41.000000, 8.000000, 0.000435
41.000000, 9.000000, 0.000488
41.000000, 10.000000, 0.000542
41.000000, 11.000000, 0.000596
41.000000, 12.000000, 0.000652
41.000000, 13.000000, 0.000707
41.000000, 14.000000, 0.000763
41.000000, 15.000000, 0.000818
41.000000, 16.000000, 0.000871
41.000000, 17.000000, 0.000922
41.000000, 18.000000, 0.000971
41.000000, 19.000000, 0.001016
41.000000, 20.000000, 0.001055
41.000000, 21.000000, 0.001090
41.000000, 22.000000, 0.001117
41.000000, 23.000000, 0.001138
41.000000, 24.000000, 0.001150
41.000000, 25.000000, 0.001154
41.000000, 26.000000, 0.001149
41.000000, 27.000000, 0.001136
41.000000, 28.000000, 0.001114
41.000000, 29.000000, 0.001086
41.000000, 30.000000, 0.001051
41.000000, 31.000000, 0.001010
41.000000, 32.000000, 0.000964
41.000000, 33.000000, 0.000914
41.000000, 34.000000, 0.000861
41.000000, 35.000000, 0.000807
41.000000, 36.000000, 0.000751
41.000000, 37.000000, 0.000694
41.000000, 38.000000, 0.000636
41.000000, 39.000000, 0.000579
41.000000, 40.000000, 0.000523
41.000000, 41.000000, 0.000467
41.000000, 42.000000, 0.000412
41.000000, 43.000000, 0.000358
41.000000, 44.000000, 0.000305
41.000000, 45.000000, 0.000252
41.000000, 46.000000, 0.000201
41.000000, 47.000000, 0.000150
41.000000, 48.000000, 0.000100
41.000000, 49.000000, 0.000050
42.000000, 0.000000, 0.000041
42.000000, 1.000000, 0.000082
42.000000, 2.000000, 0.000123
42.000000, 3.000000, 0.000165
42.000000, 4.000000, 0.000207
42.000000, 5.000000, 0.000250
42.000000, 6.000000, 0.000294
42.000000, 7.000000, 0.000339
42.000000, 8.000000, 0.000384
42.000000, 9.000000, 0.000431
42.000000, 10.000000, 0.000478
42.000000, 11.000000, 0.000525
42.000000, 12.000000, 0.000573
42.000000, 13.000000, 0.000621
42.000000, 14.000000, 0.000669
42.000000, 15.000000, 0.000715
42.000000, 16.000000, 0.000761
42.000000, 17.000000, 0.000805
42.000000, 18.000000, 0.000846
42.000000, 19.000000, 0.000883
42.000000, 20.000000, 0.000917
42.000000, 21.000000, 0.000945
42.000000, 22.000000, 0.000968
42.000000, 23.000000, 0.000985
42.000000, 24.000000, 0.000995
42.000000, 25.000000, 0.000998
42.000000, 26.000000, 0.000994
42.000000, 27.000000, 0.000983
42.000000, 28.000000, 0.000965
42.000000, 29.000000, 0.000942
42.000000, 30.000000, 0.000912
42.000000, 31.000000, 0.000878
42.000000, 32.000000, 0.000839
42.000000, 33.000000, 0.000797
42.000000, 34.000000, 0.000753
42.000000, 35.000000, 0.000706
42.000000, 36.000000, 0.000658
42.000000, 37.000000, 0.000609
42.000000, 38.000000, 0.000559
42.000000, 39.000000, 0.000510
42.000000, 40.000000, 0.000461
42.000000, 41.000000, 0.000412
42.000000, 42.000000, 0.000364
42.000000, 43.000000, 0.000316
42.000000, 44.000000, 0.000270
42.000000, 45.000000, 0.000223
42.000000, 46.000000, 0.000178
42.000000, 47.000000, 0.000133
42.000000, 48.000000, 0.000088
42.000000, 49.000000, 0.000044
43.000000, 0.000000, 0.000036
43.000000, 1.000000, 0.000072
43.000000, 2.000000, 0.000108
43.000000, 3.000000, 0.000144
43.000000, 4.000000, 0.000181
43.000000, 5.000000, 0.000218
43.000000, 6.000000, 0.000256
43.000000, 7.000000, 0.000295
43.000000, 8.000000, 0.000334
43.000000, 9.000000, 0.000374
43.000000, 10.000000, 0.000415
43.000000, 11.000000, 0.000455
43.000000, 12.000000, 0.000496
43.000000, 13.000000, 0.000537
43.000000, 14.000000, 0.000578
43.000000, 15.000000, 0.000617
43.000000, 16.000000, 0.000656
43.000000, 17.000000, 0.000692
43.000000, 18.000000, 0.000726
43.000000, 19.000000, 0.000758
43.000000, 20.000000, 0.000785
43.000000, 21.000000, 0.000809
43.000000, 22.000000, 0.000828
43.000000, 23.000000, 0.000842
43.000000, 24.000000, 0.000850
43.000000, 25.000000, 0.000853
43.000000, 26.000000, 0.000849
43.000000, 27.000000, 0.000840
43.000000, 28.000000, 0.000826
43.000000, 29.000000, 0.000806
43.000000, 30.000000, 0.000782
43.000000, 31.000000, 0.000753
43.000000, 32.000000, 0.000721
43.000000, 33.000000, 0.000686
43.000000, 34.000000, 0.000648
43.000000, 35.000000, 0.000609
43.000000, 36.000000, 0.000568
43.000000, 37.000000, 0.000526
43.000000, 38.000000, 0.000484
43.000000, 39.000000, 0.000442
43.000000, 40.000000, 0.000400
43.000000, 41.000000, 0.000358
43.000000, 42.000000, 0.000316
43.000000, 43.000000, 0.000275
43.000000, 44.000000, 0.000235
43.000000, 45.000000, 0.000195
43.000000, 46.000000, 0.000155
43.000000, 47.000000, 0.000116
43.000000, 48.000000, 0.000077
43.000000, 49.000000, 0.000039
44.000000, 0.000000, 0.000031
44.000000, 1.000000, 0.000061
44.000000, 2.000000, 0.000092
44.000000, 3.000000, 0.000123
44.000000, 4.000000, 0.000155
44.000000, 5.000000, 0.000186
44.000000, 6.000000, 0.000219
44.000000, 7.000000, 0.000252
44.000000, 8.000000, 0.000285
44.000000, 9.000000, 0.000319
44.000000, 10.000000, 0.000353
44.000000, 11.000000, 0.000387
44.000000, 12.000000, 0.000422
44.000000, 13.000000, 0.000456
44.000000, 14.000000, 0.000490
44.000000, 15.000000, 0.000522
44.000000, 16.000000, 0.000554
44.000000, 17.000000, 0.000585
44.000000, 18.000000, 0.000613
44.000000, 19.000000, 0.000638
44.000000, 20.000000, 0.000661
44.000000, 21.000000, 0.000680
44.000000, 22.000000, 0.000696
44.000000, 23.000000, 0.000707
44.000000, 24.000000, 0.000714
44.000000, 25.000000, 0.000716
44.000000, 26.000000, 0.000713
44.000000, 27.000000, 0.000706
44.000000, 28.000000, 0.000694
44.000000, 29.000000, 0.000678
44.000000, 30.000000, 0.000658
44.000000, 31.000000, 0.000634
44.000000, 32.000000, 0.000608
44.000000, 33.000000, 0.000579
44.000000, 34.000000, 0.000548
44.000000, 35.000000, 0.000515
44.000000, 36.000000, 0.000481
44.000000, 37.000000, 0.000447
44.000000, 38.000000, 0.000411
44.000000, 39.000000, 0.000376
44.000000, 40.000000, 0.000340
44.000000, 41.000000, 0.000305
44.000000, 42.000000, 0.000270
44.000000, 43.000000, 0.000235
44.000000, 44.000000, 0.000200
44.000000, 45.000000, 0.000166
44.000000, 46.000000, 0.000132
44.000000, 47.000000, 0.000099
44.000000, 48.000000, 0.000066
44.000000, 49.000000, 0.000033
45.000000, 0.000000, 0.000025
45.000000, 1.000000, 0.000051
45.000000, 2.000000, 0.000076
45.000000, 3.000000, 0.000102
45.000000, 4.000000, 0.000128
45.000000, 5.000000, 0.000155
45.000000, 6.000000, 0.000182
45.000000, 7.000000, 0.000209
45.000000, 8.000000, 0.000236
45.000000, 9.000000, 0.000264
45.000000, 10.000000, 0.000292
45.000000, 11.000000, 0.000320
45.000000, 12.000000, 0.000349
45.000000, 13.000000, 0.000377
45.000000, 14.000000, 0.000404
45.000000, 15.000000, 0.000431
45.000000, 16.000000, 0.000456
45.000000, 17.000000, 0.000481
45.000000, 18.000000, 0.000504
45.000000, 19.000000, 0.000524
45.000000, 20.000000, 0.000543
45.000000, 21.000000, 0.000558
45.000000, 22.000000, 0.000570
45.000000, 23.000000, 0.000579
45.000000, 24.000000, 0.000585
45.000000, 25.000000, 0.000586
45.000000, 26.000000, 0.000584
45.000000, 27.000000, 0.000578
45.000000, 28.000000, 0.000569
45.000000, 29.000000, 0.000556
45.000000, 30.000000, 0.000540
45.000000, 31.000000, 0.000521
45.000000, 32.000000, 0.000500
45.000000, 33.000000, 0.000476
45.000000, 34.000000, 0.000451
45.000000, 35.000000, 0.000425
45.000000, 36.000000, 0.000397
45.000000, 37.000000, 0.000369
45.000000, 38.000000, 0.000340
45.000000, 39.000000, 0.000311
45.000000, 40.000000, 0.000282
45.000000, 41.000000, 0.000252
45.000000, 42.000000, 0.000223
45.000000, 43.000000, 0.000195
45.000000, 44.000000, 0.000166
45.000000, 45.000000, 0.000138
45.000000, 46.000000, 0.000110
45.000000, 47.000000, 0.000082
45.000000, 48.000000, 0.000055
45.000000, 49.000000, 0.000027
46.000000, 0.000000, 0.000020
46.000000, 1.000000, 0.000041
46.000000, 2.000000, 0.000061
46.000000, 3.000000, 0.000082
46.000000, 4.000000, 0.000103
46.000000, 5.000000, 0.000124
46.000000, 6.000000, 0.000145
46.000000, 7.000000, 0.000166
46.000000, 8.000000, 0.000188
46.000000, 9.000000, 0.000210
46.000000, 10.000000, 0.000233
46.000000, 11.000000, 0.000255
46.000000, 12.000000, 0.000277
46.000000, 13.000000, 0.000299
46.000000, 14.000000, 0.000321
46.000000, 15.000000, 0.000341
46.000000, 16.000000, 0.000362
46.000000, 17.000000, 0.000381
46.000000, 18.000000, 0.000398
46.000000, 19.000000, 0.000414
46.000000, 20.000000, 0.000429
46.000000, 21.000000, 0.000441
46.000000, 22.000000, 0.000450
46.000000, 23.000000, 0.000457
46.000000, 24.000000, 0.000461
46.000000, 25.000000, 0.000462
46.000000, 26.000000, 0.000461
46.000000, 27.000000, 0.000456
46.000000, 28.000000, 0.000449
46.000000, 29.000000, 0.000439
46.000000, 30.000000, 0.000426
46.000000, 31.000000, 0.000412
46.000000, 32.000000, 0.000395
46.000000, 33.000000, 0.000377
46.000000, 34.000000, 0.000357
46.000000, 35.000000, 0.000337
46.000000, 36.000000, 0.000315
46.000000, 37.000000, 0.000293
46.000000, 38.000000, 0.000270
46.000000, 39.000000, 0.000247
46.000000, 40.000000, 0.000224
46.000000, 41.000000, 0.000201
46.000000, 42.000000, 0.000178
46.000000, 43.000000, 0.000155
46.000000, 44.000000, 0.000132
46.000000, 45.000000, 0.000110
46.000000, 46.000000, 0.000088
46.000000, 47.000000, 0.000066
46.000000, 48.000000, 0.000044
46.000000, 49.000000, 0.000022
47.000000, 0.000000, 0.000015
47.000000, 1.000000, 0.000030
47.000000, 2.000000, 0.000046
47.000000, 3.000000, 0.000061
47.000000, 4.000000, 0.000077
47.000000, 5.000000, 0.000092
47.000000, 6.000000, 0.000108
47.000000, 7.000000, 0.000125
47.000000, 8.000000, 0.000141
47.000000, 9.000000, 0.000157
47.000000, 10.000000, 0.000174
47.000000, 11.000000, 0.000190
47.000000, 12.000000, 0.000207
47.000000, 13.000000, 0.000223
47.000000, 14.000000, 0.000239
47.000000, 15.000000, 0.000254
47.000000, 16.000000, 0.000269
47.000000, 17.000000, 0.000283
47.000000, 18.000000, 0.000296
47.000000, 19.000000, 0.000308
47.000000, 20.000000, 0.000318
47.000000, 21.000000, 0.000327
47.000000, 22.000000, 0.000334
47.000000, 23.000000, 0.000339
47.000000, 24.000000, 0.000342
47.000000, 25.000000, 0.000343
47.000000, 26.000000, 0.000342
47.000000, 27.000000, 0.000338
47.000000, 28.000000, 0.000333
47.000000, 29.000000, 0.000326
47.000000, 30.000000, 0.000317
47.000000, 31.000000, 0.000306
47.000000, 32.000000, 0.000294
47.000000, 33.000000, 0.000280
47.000000, 34.000000, 0.000266
47.000000, 35.000000, 0.000251
47.000000, 36.000000, 0.000235
47.000000, 37.000000, 0.000218
47.000000, 38.000000, 0.000201
47.000000, 39.000000, 0.000184
47.000000, 40.000000, 0.000167
47.000000, 41.000000, 0.000150
47.000000, 42.000000, 0.000133
47.000000, 43.000000, 0.000116
47.000000, 44.000000, 0.000099
47.000000, 45.000000, 0.000082
47.000000, 46.000000, 0.000066
47.000000, 47.000000, 0.000049
47.000000, 48.000000, 0.000033
47.000000, 49.000000, 0.000016
48.000000, 0.000000, 0.000010
48.000000, 1.000000, 0.000020
48.000000, 2.000000, 0.000030
48.000000, 3.000000, 0.000041
48.000000, 4.000000, 0.000051
48.000000, 5.000000, 0.000062
48.000000, 6.000000, 0.000072
48.000000, 7.000000, 0.000083
48.000000, 8.000000, 0.000094
48.000000, 9.000000, 0.000104
48.000000, 10.000000, 0.000115
48.000000, 11.000000, 0.000126
48.000000, 12.000000, 0.000137
48.000000, 13.000000, 0.000148
48.000000, 14.000000, 0.000158
48.000000, 15.000000, 0.000169
48.000000, 16.000000, 0.000178
48.000000, 17.000000, 0.000188
48.000000, 18.000000, 0.000196
48.000000, 19.000000, 0.000204
48.000000, 20.000000, 0.000211
48.000000, 21.000000, 0.000216
48.000000, 22.000000, 0.000221
48.000000, 23.000000, 0.000224
48.000000, 24.000000, 0.000226
48.000000, 25.000000, 0.000227
48.000000, 26.000000, 0.000226
48.000000, 27.000000, 0.000224
48.000000, 28.000000, 0.000220
48.000000, 29.000000, 0.000216
48.000000, 30.000000, 0.000210
48.000000, 31.000000, 0.000203
48.000000, 32.000000, 0.000195
48.000000, 33.000000, 0.000186
48.000000, 34.000000, 0.000176
48.000000, 35.000000, 0.000166
48.000000, 36.000000, 0.000156
48.000000, 37.000000, 0.000145
48.000000, 38.000000, 0.000134
48.000000, 39.000000, 0.000122
48.000000, 40.000000, 0.000111
48.000000, 41.000000, 0.000100
48.000000, 42.000000, 0.000088
48.000000, 43.000000, 0.000077
48.000000, 44.000000, 0.000066
48.000000, 45.000000, 0.000055
48.000000, 46.000000, 0.000044
48.000000, 47.000000, 0.000033
48.000000, 48.000000, 0.000022
48.000000, 49.000000, 0.000011
49.000000, 0.000000, 0.000005
49.000000, 1.000000, 0.000010
49.000000, 2.000000, 0.000015
49.000000, 3.000000, 0.000020
49.000000, 4.000000, 0.000026
49.000000, 5.000000, 0.000031
49.000000, 6.000000, 0.000036
49.000000, 7.000000, 0.000041
49.000000, 8.000000, 0.000047
49.000000, 9.000000, 0.000052
49.000000, 10.000000, 0.000058
49.000000, 11.000000, 0.000063
49.000000, 12.000000, 0.000068
49.000000, 13.000000, 0.000074
49.000000, 14.000000, 0.000079
49.000000, 15.000000, 0.000084
49.000000, 16.000000, 0.000089
49.000000, 17.000000, 0.000093
49.000000, 18.000000, 0.000098
49.000000, 19.000000, 0.000102
49.000000, 20.000000, 0.000105
49.000000, 21.000000, 0.000108
49.000000, 22.000000, 0.000110
49.000000, 23.000000, 0.000112
49.000000, 24.000000, 0.000113
49.000000, 25.000000, 0.000113
49.000000, 26.000000, 0.000112
49.000000, 27.000000, 0.000111
49.000000, 28.000000, 0.000110
49.000000, 29.000000, 0.000107
49.000000, 30.000000, 0.000104
49.000000, 31.000000, 0.000101
49.000000, 32.000000, 0.000097
49.000000, 33.000000, 0.000093
49.000000, 34.000000, 0.000088
49.000000, 35.000000, 0.000083
49.000000, 36.000000, 0.000078
49.000000, 37.000000, 0.000072
49.000000, 38.000000, 0.000067
49.000000, 39.000000, 0.000061
49.000000, 40.000000, 0.000055
49.000000, 41.000000, 0.000050
49.000000, 42.000000, 0.000044
49.000000, 43.000000, 0.000039
49.000000, 44.000000, 0.000033
49.000000, 45.000000, 0.000027
49.000000, 46.000000, 0.000022
49.000000, 47.000000, 0.000016
49.000000, 48.000000, 0.000011
49.000000, 49.000000, 0.000005
