0.000000, 0.000000, 0.000008
0.000000, 1.000000, 0.000016
0.000000, 2.000000, 0.000024
0.000000, 3.000000, 0.000032
0.000000, 4.000000, 0.000041
0.000000, 5.000000, 0.000049
0.000000, 6.000000, 0.000058
0.000000, 7.000000, 0.000066
0.000000, 8.000000, 0.000075
0.000000, 9.000000, 0.000083
0.000000, 10.000000, 0.000092
0.000000, 11.000000, 0.000101
0.000000, 12.000000, 0.000109
0.000000, 13.000000, 0.000118
0.000000, 14.000000, 0.000126
0.000000, 15.000000, 0.000134
0.000000, 16.000000, 0.000142
0.000000, 17.000000, 0.000149
0.000000, 18.000000, 0.000156
0.000000, 19.000000, 0.000162
0.000000, 20.000000, 0.000168
0.000000, 21.000000, 0.000172
0.000000, 22.000000, 0.000176
0.000000, 23.000000, 0.000178
0.000000, 24.000000, 0.000180
0.000000, 25.000000, 0.000180
0.000000, 26.000000, 0.000180
0.000000, 27.000000, 0.000178
0.000000, 28.000000, 0.000175
0.000000, 29.000000, 0.000171
0.000000, 30.000000, 0.000167
0.000000, 31.000000, 0.000161
0.000000, 32.000000, 0.000155
0.000000, 33.000000, 0.000148
0.000000, 34.000000, 0.000140
0.000000, 35.000000, 0.000132
0.000000, 36.000000, 0.000124
0.000000, 37.000000, 0.000115
0.000000, 38.000000, 0.000106
0.000000, 39.000000, 0.000097
0.000000, 40.000000, 0.000088
0.000000, 41.000000, 0.000079
0.000000, 42.000000, 0.000070
0.000000, 43.000000, 0.000061
0.000000, 44.000000, 0.000052
0.000000, 45.000000, 0.000044
0.000000, 46.000000, 0.000035
0.000000, 47.000000, 0.000026
0.000000, 48.000000, 0.000017
0.000000, 49.000000, 0.000009
1.000000, 0.000000, 0.000016
1.000000, 1.000000, 0.000032
1.000000, 2.000000, 0.000049
1.000000, 3.000000, 0.000065
1.000000, 4.000000, 0.000082
1.000000, 5.000000, 0.000098
1.000000, 6.000000, 0.000115
1.000000, 7.000000, 0.000132
1.000000, 8.000000, 0.000150
1.000000, 9.000000, 0.000167
1.000000, 10.000000, 0.000184
1.000000, 11.000000, 0.000202
1.000000, 12.000000, 0.000219
1.000000, 13.000000, 0.000236
1.000000, 14.000000, 0.000253
1.000000, 15.000000, 0.000270
1.000000, 16.000000, 0.000285
1.000000, 17.000000, 0.000300
1.000000, 18.000000, 0.000314
1.000000, 19.000000, 0.000326
1.000000, 20.000000, 0.000337
1.000000, 21.000000, 0.000346
1.000000, 22.000000, 0.000354
1.000000, 23.000000, 0.000359
1.000000, 24.000000, 0.000362
1.000000, 25.000000, 0.000363
1.000000, 26.000000, 0.000362
1.000000, 27.000000, 0.000358
1.000000, 28.000000, 0.000353
1.000000, 29.000000, 0.000345
1.000000, 30.000000, 0.000335
1.000000, 31.000000, 0.000324
1.000000, 32.000000, 0.000311
1.000000, 33.000000, 0.000297
1.000000, 34.000000, 0.000282
1.000000, 35.000000, 0.000265
1.000000, 36.000000, 0.000249
1.000000, 37.000000, 0.000231
1.000000, 38.000000, 0.000213
1.000000, 39.000000, 0.000195
1.000000, 40.000000, 0.000177
1.000000, 41.000000, 0.000159
1.000000, 42.000000, 0.000141
1.000000, 43.000000, 0.000123
1.000000, 44.000000, 0.000105
1.000000, 45.000000, 0.000087
1.000000, 46.000000, 0.000070
1.000000, 47.000000, 0.000052
1.000000, 48.000000, 0.000035
1.000000, 49.000000, 0.000017
2.000000, 0.000000, 0.000024
2.000000, 1.000000, 0.000049
2.000000, 2.000000, 0.000073
2.000000, 3.000000, 0.000098
2.000000, 4.000000, 0.000123
2.000000, 5.000000, 0.000148
2.000000, 6.000000, 0.000173
2.000000, 7.000000, 0.000199
2.000000, 8.000000, 0.000225
2.000000, 9.000000, 0.000251
2.000000, 10.000000, 0.000278
2.000000, 11.000000, 0.000304
2.000000, 12.000000, 0.000331
2.000000, 13.000000, 0.000357
2.000000, 14.000000, 0.000382
2.000000, 15.000000, 0.000407
2.000000, 16.000000, 0.000431
2.000000, 17.000000, 0.000454
2.000000, 18.000000, 0.000475
2.000000, 19.000000, 0.000494
2.000000, 20.000000, 0.000510
2.000000, 21.000000, 0.000525
2.000000, 22.000000, 0.000536
2.000000, 23.000000, 0.000544
2.000000, 24.000000, 0.000549
2.000000, 25.000000, 0.000550
2.000000, 26.000000, 0.000548
2.000000, 27.000000, 0.000543
2.000000, 28.000000, 0.000534
2.000000, 29.000000, 0.000522
2.000000, 30.000000, 0.000508
2.000000, 31.000000, 0.000490
2.000000, 32.000000, 0.000471
2.000000, 33.000000, 0.000449
2.000000, 34.000000, 0.000426
2.000000, 35.000000, 0.000401
2.000000, 36.000000, 0.000375
2.000000, 37.000000, 0.000349
2.000000, 38.000000, 0.000322
2.000000, 39.000000, 0.000295
2.000000, 40.000000, 0.000267
2.000000, 41.000000, 0.000240
2.000000, 42.000000, 0.000212
2.000000, 43.000000, 0.000185
2.000000, 44.000000, 0.000158
2.000000, 45.000000, 0.000131
2.000000, 46.000000, 0.000105
2.000000, 47.000000, 0.000078
2.000000, 48.000000, 0.000052
2.000000, 49.000000, 0.000026
3.000000, 0.000000, 0.000032
3.000000, 1.000000, 0.000065
3.000000, 2.000000, 0.000098
3.000000, 3.000000, 0.000131
3.000000, 4.000000, 0.000164
3.000000, 5.000000, 0.000198
3.000000, 6.000000, 0.000232
3.000000, 7.000000, 0.000267
3.000000, 8.000000, 0.000302
3.000000, 9.000000, 0.000337
3.000000, 10.000000, 0.000373
3.000000, 11.000000, 0.000408
3.000000, 12.000000, 0.000444
3.000000, 13.000000, 0.000480
3.000000, 14.000000, 0.000514
3.000000, 15.000000, 0.000548
3.000000, 16.000000, 0.000581
3.000000, 17.000000, 0.000612
3.000000, 18.000000, 0.000640
3.000000, 19.000000, 0.000666
3.000000, 20.000000, 0.000690
3.000000, 21.000000, 0.000709
3.000000, 22.000000, 0.000724
3.000000, 23.000000, 0.000736
3.000000, 24.000000, 0.000742
3.000000, 25.000000, 0.000744
3.000000, 26.000000, 0.000742
3.000000, 27.000000, 0.000734
3.000000, 28.000000, 0.000722
3.000000, 29.000000, 0.000706
3.000000, 30.000000, 0.000686
3.000000, 31.000000, 0.000662
3.000000, 32.000000, 0.000635
3.000000, 33.000000, 0.000605
3.000000, 34.000000, 0.000574
3.000000, 35.000000, 0.000540
3.000000, 36.000000, 0.000505
3.000000, 37.000000, 0.000469
3.000000, 38.000000, 0.000433
3.000000, 39.000000, 0.000396
3.000000, 40.000000, 0.000359
3.000000, 41.000000, 0.000322
3.000000, 42.000000, 0.000285
3.000000, 43.000000, 0.000248
3.000000, 44.000000, 0.000212
3.000000, 45.000000, 0.000176
3.000000, 46.000000, 0.000140
3.000000, 47.000000, 0.000105
3.000000, 48.000000, 0.000070
3.000000, 49.000000, 0.000035
4.000000, 0.000000, 0.000041
4.000000, 1.000000, 0.000082
4.000000, 2.000000, 0.000123
4.000000, 3.000000, 0.000164
4.000000, 4.000000, 0.000206
4.000000, 5.000000, 0.000249
4.000000, 6.000000, 0.000292
4.000000, 7.000000, 0.000335
4.000000, 8.000000, 0.000380
4.000000, 9.000000, 0.000424
4.000000, 10.000000, 0.000469
4.000000, 11.000000, 0.000515
4.000000, 12.000000, 0.000560
4.000000, 13.000000, 0.000606
4.000000, 14.000000, 0.000650
4.000000, 15.000000, 0.000694
4.000000, 16.000000, 0.000736
4.000000, 17.000000, 0.000776
4.000000, 18.000000, 0.000813
4.000000, 19.000000, 0.000846
4.000000, 20.000000, 0.000876
4.000000, 21.000000, 0.000902
4.000000, 22.000000, 0.000922
4.000000, 23.000000, 0.000937
4.000000, 24.000000, 0.000945
4.000000, 25.000000, 0.000948
4.000000, 26.000000, 0.000944
4.000000, 27.000000, 0.000935
4.000000, 28.000000, 0.000919
4.000000, 29.000000, 0.000898
4.000000, 30.000000, 0.000871
4.000000, 31.000000, 0.000841
4.000000, 32.000000, 0.000806
4.000000, 33.000000, 0.000768
4.000000, 34.000000, 0.000727
4.000000, 35.000000, 0.000683
4.000000, 36.000000, 0.000639
4.000000, 37.000000, 0.000593
4.000000, 38.000000, 0.000546
4.000000, 39.000000, 0.000499
4.000000, 40.000000, 0.000452
4.000000, 41.000000, 0.000405
4.000000, 42.000000, 0.000358
4.000000, 43.000000, 0.000312
4.000000, 44.000000, 0.000266
4.000000, 45.000000, 0.000221
4.000000, 46.000000, 0.000176
4.000000, 47.000000, 0.000132
4.000000, 48.000000, 0.000088
4.000000, 49.000000, 0.000044
5.000000, 0.000000, 0.000049
5.000000, 1.000000, 0.000098
5.000000, 2.000000, 0.000148
5.000000, 3.000000, 0.000198
5.000000, 4.000000, 0.000249
5.000000, 5.000000, 0.000300
5.000000, 6.000000, 0.000352
5.000000, 7.000000, 0.000405
5.000000, 8.000000, 0.000459
5.000000, 9.000000, 0.000513
5.000000, 10.000000, 0.000569
5.000000, 11.000000, 0.000624
5.000000, 12.000000, 0.000680
5.000000, 13.000000, 0.000736
5.000000, 14.000000, 0.000791
5.000000, 15.000000, 0.000845
5.000000, 16.000000, 0.000897
5.000000, 17.000000, 0.000947
5.000000, 18.000000, 0.000993
5.000000, 19.000000, 0.001036
5.000000, 20.000000, 0.001073
5.000000, 21.000000, 0.001105
5.000000, 22.000000, 0.001131
5.000000, 23.000000, 0.001149
5.000000, 24.000000, 0.001161
5.000000, 25.000000, 0.001164
5.000000, 26.000000, 0.001159
5.000000, 27.000000, 0.001147
5.000000, 28.000000, 0.001127
5.000000, 29.000000, 0.001101
5.000000, 30.000000, 0.001068
5.000000, 31.000000, 0.001029
5.000000, 32.000000, 0.000985
5.000000, 33.000000, 0.000937
5.000000, 34.000000, 0.000886
5.000000, 35.000000, 0.000832
5.000000, 36.000000, 0.000777
5.000000, 37.000000, 0.000720
5.000000, 38.000000, 0.000663
5.000000, 39.000000, 0.000605
5.000000, 40.000000, 0.000548
5.000000, 41.000000, 0.000490
5.000000, 42.000000, 0.000433
5.000000, 43.000000, 0.000377
5.000000, 44.000000, 0.000322
5.000000, 45.000000, 0.000267
5.000000, 46.000000, 0.000213
5.000000, 47.000000, 0.000159
5.000000, 48.000000, 0.000106
5.000000, 49.000000, 0.000053
6.000000, 0.000000, 0.000058
6.000000, 1.000000, 0.000115
6.000000, 2.000000, 0.000173
6.000000, 3.000000, 0.000232
6.000000, 4.000000, 0.000292
6.000000, 5.000000, 0.000352
6.000000, 6.000000, 0.000414
6.000000, 7.000000, 0.000476
6.000000, 8.000000, 0.000540
6.000000, 9.000000, 0.000605
6.000000, 10.000000, 0.000670
6.000000, 11.000000, 0.000737
6.000000, 12.000000, 0.000804
6.000000, 13.000000, 0.000871
6.000000, 14.000000, 0.000938
6.000000, 15.000000, 0.001003
6.000000, 16.000000, 0.001066
6.000000, 17.000000, 0.001127
6.000000, 18.000000, 0.001184
6.000000, 19.000000, 0.001237
6.000000, 20.000000, 0.001283
6.000000, 21.000000, 0.001323
6.000000, 22.000000, 0.001354
6.000000, 23.000000, 0.001377
6.000000, 24.000000, 0.001391
6.000000, 25.000000, 0.001396
6.000000, 26.000000, 0.001390
6.000000, 27.000000, 0.001375
6.000000, 28.000000, 0.001350
6.000000, 29.000000, 0.001317
6.000000, 30.000000, 0.001276
6.000000, 31.000000, 0.001228
6.000000, 32.000000, 0.001175
6.000000, 33.000000, 0.001116
6.000000, 34.000000, 0.001054
6.000000, 35.000000, 0.000989
6.000000, 36.000000, 0.000921
6.000000, 37.000000, 0.000853
6.000000, 38.000000, 0.000784
6.000000, 39.000000, 0.000715
6.000000, 40.000000, 0.000646
6.000000, 41.000000, 0.000578
6.000000, 42.000000, 0.000510
6.000000, 43.000000, 0.000444
6.000000, 44.000000, 0.000378
6.000000, 45.000000, 0.000314
6.000000, 46.000000, 0.000250
6.000000, 47.000000, 0.000187
6.000000, 48.000000, 0.000124
6.000000, 49.000000, 0.000062
7.000000, 0.000000, 0.000066
7.000000, 1.000000, 0.000132
7.000000, 2.000000, 0.000199
7.000000, 3.000000, 0.000267
7.000000, 4.000000, 0.000335
7.000000, 5.000000, 0.000405
7.000000, 6.000000, 0.000476
7.000000, 7.000000, 0.000549
7.000000, 8.000000, 0.000623
7.000000, 9.000000, 0.000698
7.000000, 10.000000, 0.000776
7.000000, 11.000000, 0.000854
7.000000, 12.000000, 0.000933
7.000000, 13.000000, 0.001012
7.000000, 14.000000, 0.001091
7.000000, 15.000000, 0.001169
7.000000, 16.000000, 0.001246
7.000000, 17.000000, 0.001319
7.000000, 18.000000, 0.001388
7.000000, 19.000000, 0.001451
7.000000, 20.000000, 0.001508
7.000000, 21.000000, 0.001557
7.000000, 22.000000, 0.001596
7.000000, 23.000000, 0.001624
7.000000, 24.000000, 0.001642
7.000000, 25.000000, 0.001647
7.000000, 26.000000, 0.001640
7.000000, 27.000000, 0.001621
7.000000, 28.000000, 0.001591
7.000000, 29.000000, 0.001551
7.000000, 30.000000, 0.001501
7.000000, 31.000000, 0.001442
7.000000, 32.000000, 0.001377
7.000000, 33.000000, 0.001306
7.000000, 34.000000, 0.001231
7.000000, 35.000000, 0.001153
7.000000, 36.000000, 0.001073
7.000000, 37.000000, 0.000991
7.000000, 38.000000, 0.000910
7.000000, 39.000000, 0.000828
7.000000, 40.000000, 0.000748
7.000000, 41.000000, 0.000668
7.000000, 42.000000, 0.000589
7.000000, 43.000000, 0.000512
7.000000, 44.000000, 0.000436
7.000000, 45.000000, 0.000361
7.000000, 46.000000, 0.000287
7.000000, 47.000000, 0.000215
7.000000, 48.000000, 0.000143
7.000000, 49.000000, 0.000071
8.000000, 0.000000, 0.000075
8.000000, 1.000000, 0.000150
8.000000, 2.000000, 0.000225
8.000000, 3.000000, 0.000302
8.000000, 4.000000, 0.000380
8.000000, 5.000000, 0.000459
8.000000, 6.000000, 0.000540
8.000000, 7.000000, 0.000623
8.000000, 8.000000, 0.000708
8.000000, 9.000000, 0.000795
8.000000, 10.000000, 0.000884
8.000000, 11.000000, 0.000974
8.000000, 12.000000, 0.001066
8.000000, 13.000000, 0.001159
8.000000, 14.000000, 0.001252
8.000000, 15.000000, 0.001345
8.000000, 16.000000, 0.001436
8.000000, 17.000000, 0.001523
8.000000, 18.000000, 0.001606
8.000000, 19.000000, 0.001683
8.000000, 20.000000, 0.001752
8.000000, 21.000000, 0.001811
8.000000, 22.000000, 0.001859
8.000000, 23.000000, 0.001895
8.000000, 24.000000, 0.001916
8.000000, 25.000000, 0.001922
8.000000, 26.000000, 0.001914
8.000000, 27.000000, 0.001891
8.000000, 28.000000, 0.001854
8.000000, 29.000000, 0.001805
8.000000, 30.000000, 0.001744
8.000000, 31.000000, 0.001673
8.000000, 32.000000, 0.001594
8.000000, 33.000000, 0.001509
8.000000, 34.000000, 0.001419
8.000000, 35.000000, 0.001327
8.000000, 36.000000, 0.001232
8.000000, 37.000000, 0.001136
8.000000, 38.000000, 0.001041
8.000000, 39.000000, 0.000946
8.000000, 40.000000, 0.000852
8.000000, 41.000000, 0.000760
8.000000, 42.000000, 0.000670
8.000000, 43.000000, 0.000582
8.000000, 44.000000, 0.000495
8.000000, 45.000000, 0.000410
8.000000, 46.000000, 0.000326
8.000000, 47.000000, 0.000243
8.000000, 48.000000, 0.000162
8.000000, 49.000000, 0.000081
9.000000, 0.000000, 0.000083
9.000000, 1.000000, 0.000167
9.000000, 2.000000, 0.000251
9.000000, 3.000000, 0.000337
9.000000, 4.000000, 0.000424
9.000000, 5.000000, 0.000513
9.000000, 6.000000, 0.000605
9.000000, 7.000000, 0.000698
9.000000, 8.000000, 0.000795
9.000000, 9.000000, 0.000894
9.000000, 10.000000, 0.000996
9.000000, 11.000000, 0.001100
9.000000, 12.000000, 0.001206
9.000000, 13.000000, 0.001314
9.000000, 14.000000, 0.001423
9.000000, 15.000000, 0.001531
9.000000, 16.000000, 0.001639
9.000000, 17.000000, 0.001743
9.000000, 18.000000, 0.001842
9.000000, 19.000000, 0.001935
9.000000, 20.000000, 0.002019
9.000000, 21.000000, 0.002091
9.000000, 22.000000, 0.002150
9.000000, 23.000000, 0.002193
9.000000, 24.000000, 0.002219
9.000000, 25.000000, 0.002228
9.000000, 26.000000, 0.002218
9.000000, 27.000000, 0.002189
9.000000, 28.000000, 0.002144
9.000000, 29.000000, 0.002084
9.000000, 30.000000, 0.002010
9.000000, 31.000000, 0.001924
9.000000, 32.000000, 0.001829
9.000000, 33.000000, 0.001727
9.000000, 34.000000, 0.001621
9.000000, 35.000000, 0.001511
9.000000, 36.000000, 0.001400
9.000000, 37.000000, 0.001289
9.000000, 38.000000, 0.001178
9.000000, 39.000000, 0.001068
9.000000, 40.000000, 0.000961
9.000000, 41.000000, 0.000856
9.000000, 42.000000, 0.000753
9.000000, 43.000000, 0.000653
9.000000, 44.000000, 0.000555
9.000000, 45.000000, 0.000459
9.000000, 46.000000, 0.000365
9.000000, 47.000000, 0.000272
9.000000, 48.000000, 0.000181
9.000000, 49.000000, 0.000090
10.000000, 0.000000, 0.000092
10.000000, 1.000000, 0.000184
10.000000, 2.000000, 0.000278
10.000000, 3.000000, 0.000373
10.000000, 4.000000, 0.000469
10.000000, 5.000000, 0.000569
10.000000, 6.000000, 0.000670
10.000000, 7.000000, 0.000776
10.000000, 8.000000, 0.000884
10.000000, 9.000000, 0.000996
10.000000, 10.000000, 0.001111
10.000000, 11.000000, 0.001230
10.000000, 12.000000, 0.001351
10.000000, 13.000000, 0.001476
10.000000, 14.000000, 0.001602
10.000000, 15.000000, 0.001730
10.000000, 16.000000, 0.001856
10.000000, 17.000000, 0.001980
10.000000, 18.000000, 0.002099
10.000000, 19.000000, 0.002211
10.000000, 20.000000, 0.002312
10.000000, 21.000000, 0.002401
10.000000, 22.000000, 0.002473
10.000000, 23.000000, 0.002527
10.000000, 24.000000, 0.002559
10.000000, 25.000000, 0.002570
10.000000, 26.000000, 0.002557
10.000000, 27.000000, 0.002523
10.000000, 28.000000, 0.002467
10.000000, 29.000000, 0.002393
10.000000, 30.000000, 0.002302
10.000000, 31.000000, 0.002199
10.000000, 32.000000, 0.002084
10.000000, 33.000000, 0.001963
10.000000, 34.000000, 0.001837
10.000000, 35.000000, 0.001708
10.000000, 36.000000, 0.001578
10.000000, 37.000000, 0.001449
10.000000, 38.000000, 0.001321
10.000000, 39.000000, 0.001196
10.000000, 40.000000, 0.001073
10.000000, 41.000000, 0.000954
10.000000, 42.000000, 0.000838
10.000000, 43.000000, 0.000725
10.000000, 44.000000, 0.000616
10.000000, 45.000000, 0.000509
10.000000, 46.000000, 0.000404
10.000000, 47.000000, 0.000301
10.000000, 48.000000, 0.000200
10.000000, 49.000000, 0.000100
11.000000, 0.000000, 0.000101
11.000000, 1.000000, 0.000202
11.000000, 2.000000, 0.000304
11.000000, 3.000000, 0.000408
11.000000, 4.000000, 0.000515
11.000000, 5.000000, 0.000624
11.000000, 6.000000, 0.000737
11.000000, 7.000000, 0.000854
11.000000, 8.000000, 0.000974
11.000000, 9.000000, 0.001100
11.000000, 10.000000, 0.001230
11.000000, 11.000000, 0.001364
11.000000, 12.000000, 0.001503
11.000000, 13.000000, 0.001646
11.000000, 14.000000, 0.001793
11.000000, 15.000000, 0.001941
11.000000, 16.000000, 0.002090
11.000000, 17.000000, 0.002237
11.000000, 18.000000, 0.002380
11.000000, 19.000000, 0.002514
11.000000, 20.000000, 0.002638
11.000000, 21.000000, 0.002747
11.000000, 22.000000, 0.002837
11.000000, 23.000000, 0.002903
11.000000, 24.000000, 0.002944
11.000000, 25.000000, 0.002957
11.000000, 26.000000, 0.002942
11.000000, 27.000000, 0.002899
11.000000, 28.000000, 0.002830
11.000000, 29.000000, 0.002738
11.000000, 30.000000, 0.002628
11.000000, 31.000000, 0.002501
11.000000, 32.000000, 0.002364
11.000000, 33.000000, 0.002219
11.000000, 34.000000, 0.002069
11.000000, 35.000000, 0.001917
11.000000, 36.000000, 0.001766
11.000000, 37.000000, 0.001616
11.000000, 38.000000, 0.001470
11.000000, 39.000000, 0.001327
11.000000, 40.000000, 0.001189
11.000000, 41.000000, 0.001055
11.000000, 42.000000, 0.000925
11.000000, 43.000000, 0.000799
11.000000, 44.000000, 0.000678
11.000000, 45.000000, 0.000559
11.000000, 46.000000, 0.000444
11.000000, 47.000000, 0.000331
11.000000, 48.000000, 0.000219
11.000000, 49.000000, 0.000109
12.000000, 0.000000, 0.000109
12.000000, 1.000000, 0.000219
12.000000, 2.000000, 0.000331
12.000000, 3.000000, 0.000444
12.000000, 4.000000, 0.000560
12.000000, 5.000000, 0.000680
12.000000, 6.000000, 0.000804
12.000000, 7.000000, 0.000933
12.000000, 8.000000, 0.001066
12.000000, 9.000000, 0.001206
12.000000, 10.000000, 0.001351
12.000000, 11.000000, 0.001503
12.000000, 12.000000, 0.001661
12.000000, 13.000000, 0.001825
12.000000, 14.000000, 0.001994
12.000000, 15.000000, 0.002167
12.000000, 16.000000, 0.002341
12.000000, 17.000000, 0.002516
12.000000, 18.000000, 0.002687
12.000000, 19.000000, 0.002851
12.000000, 20.000000, 0.003003
12.000000, 21.000000, 0.003137
12.000000, 22.000000, 0.003249
12.000000, 23.000000, 0.003333
12.000000, 24.000000, 0.003385
12.000000, 25.000000, 0.003402
12.000000, 26.000000, 0.003383
12.000000, 27.000000, 0.003329
12.000000, 28.000000, 0.003242
12.000000, 29.000000, 0.003128
12.000000, 30.000000, 0.002991
12.000000, 31.000000, 0.002837
12.000000, 32.000000, 0.002671
12.000000, 33.000000, 0.002497
12.000000, 34.000000, 0.002319
12.000000, 35.000000, 0.002141
12.000000, 36.000000, 0.001965
12.000000, 37.000000, 0.001793
12.000000, 38.000000, 0.001626
12.000000, 39.000000, 0.001464
12.000000, 40.000000, 0.001308
12.000000, 41.000000, 0.001158
12.000000, 42.000000, 0.001013
12.000000, 43.000000, 0.000874
12.000000, 44.000000, 0.000740
12.000000, 45.000000, 0.000610
12.000000, 46.000000, 0.000484
12.000000, 47.000000, 0.000360
12.000000, 48.000000, 0.000239
12.000000, 49.000000, 0.000119
13.000000, 0.000000, 0.000118
13.000000, 1.000000, 0.000236
13.000000, 2.000000, 0.000357
13.000000, 3.000000, 0.000480
13.000000, 4.000000, 0.000606
13.000000, 5.000000, 0.000736
13.000000, 6.000000, 0.000871
13.000000, 7.000000, 0.001012
13.000000, 8.000000, 0.001159
13.000000, 9.000000, 0.001314
13.000000, 10.000000, 0.001476
13.000000, 11.000000, 0.001646
13.000000, 12.000000, 0.001825
13.000000, 13.000000, 0.002012
13.000000, 14.000000, 0.002206
13.000000, 15.000000, 0.002407
13.000000, 16.000000, 0.002613
13.000000, 17.000000, 0.002820
13.000000, 18.000000, 0.003027
13.000000, 19.000000, 0.003226
13.000000, 20.000000, 0.003414
13.000000, 21.000000, 0.003582
13.000000, 22.000000, 0.003723
13.000000, 23.000000, 0.003830
13.000000, 24.000000, 0.003897
13.000000, 25.000000, 0.003918
13.000000, 26.000000, 0.003894
13.000000, 27.000000, 0.003825
13.000000, 28.000000, 0.003716
13.000000, 29.000000, 0.003572
13.000000, 30.000000, 0.003402
13.000000, 31.000000, 0.003211
13.000000, 32.000000, 0.003009
13.000000, 33.000000, 0.002800
13.000000, 34.000000, 0.002589
13.000000, 35.000000, 0.002380
13.000000, 36.000000, 0.002176
13.000000, 37.000000, 0.001978
13.000000, 38.000000, 0.001787
13.000000, 39.000000, 0.001604
13.000000, 40.000000, 0.001430
13.000000, 41.000000, 0.001262
13.000000, 42.000000, 0.001103
13.000000, 43.000000, 0.000950
13.000000, 44.000000, 0.000803
13.000000, 45.000000, 0.000661
13.000000, 46.000000, 0.000523
13.000000, 47.000000, 0.000389
13.000000, 48.000000, 0.000258
13.000000, 49.000000, 0.000129
14.000000, 0.000000, 0.000126
14.000000, 1.000000, 0.000253
14.000000, 2.000000, 0.000382
14.000000, 3.000000, 0.000514
14.000000, 4.000000, 0.000650
14.000000, 5.000000, 0.000791
14.000000, 6.000000, 0.000938
14.000000, 7.000000, 0.001091
14.000000, 8.000000, 0.001252
14.000000, 9.000000, 0.001423
14.000000, 10.000000, 0.001602
14.000000, 11.000000, 0.001793
14.000000, 12.000000, 0.001994
14.000000, 13.000000, 0.002206
14.000000, 14.000000, 0.002429
14.000000, 15.000000, 0.002663
14.000000, 16.000000, 0.002905
14.000000, 17.000000, 0.003153
14.000000, 18.000000, 0.003401
14.000000, 19.000000, 0.003647
14.000000, 20.000000, 0.003879
14.000000, 21.000000, 0.004092
14.000000, 22.000000, 0.004272
14.000000, 23.000000, 0.004411
14.000000, 24.000000, 0.004498
14.000000, 25.000000, 0.004527
14.000000, 26.000000, 0.004496
14.000000, 27.000000, 0.004406
14.000000, 28.000000, 0.004265
14.000000, 29.000000, 0.004082
14.000000, 30.000000, 0.003867
14.000000, 31.000000, 0.003631
14.000000, 32.000000, 0.003383
14.000000, 33.000000, 0.003131
14.000000, 34.000000, 0.002880
14.000000, 35.000000, 0.002635
14.000000, 36.000000, 0.002397
14.000000, 37.000000, 0.002170
14.000000, 38.000000, 0.001954
14.000000, 39.000000, 0.001748
14.000000, 40.000000, 0.001553
14.000000, 41.000000, 0.001368
14.000000, 42.000000, 0.001192
14.000000, 43.000000, 0.001025
14.000000, 44.000000, 0.000865
14.000000, 45.000000, 0.000711
14.000000, 46.000000, 0.000563
14.000000, 47.000000, 0.000418
14.000000, 48.000000, 0.000277
14.000000, 49.000000, 0.000138
15.000000, 0.000000, 0.000134
15.000000, 1.000000, 0.000270
15.000000, 2.000000, 0.000407
15.000000, 3.000000, 0.000548
15.000000, 4.000000, 0.000694
15.000000, 5.000000, 0.000845
15.000000, 6.000000, 0.001003
15.000000, 7.000000, 0.001169
15.000000, 8.000000, 0.001345
15.000000, 9.000000, 0.001531
15.000000, 10.000000, 0.001730
15.000000, 11.000000, 0.001941
15.000000, 12.000000, 0.002167
15.000000, 13.000000, 0.002407
15.000000, 14.000000, 0.002663
15.000000, 15.000000, 0.002934
15.000000, 16.000000, 0.003218
15.000000, 17.000000, 0.003514
15.000000, 18.000000, 0.003816
15.000000, 19.000000, 0.004118
15.000000, 20.000000, 0.004412
15.000000, 21.000000, 0.004683
15.000000, 22.000000, 0.004918
15.000000, 23.000000, 0.005101
15.000000, 24.000000, 0.005218
15.000000, 25.000000, 0.005257
15.000000, 26.000000, 0.005216
15.000000, 27.000000, 0.005096
15.000000, 28.000000, 0.004910
15.000000, 29.000000, 0.004672
15.000000, 30.000000, 0.004398
15.000000, 31.000000, 0.004102
15.000000, 32.000000, 0.003797
15.000000, 33.000000, 0.003491
15.000000, 34.000000, 0.003192
15.000000, 35.000000, 0.002904
15.000000, 36.000000, 0.002629
15.000000, 37.000000, 0.002369
15.000000, 38.000000, 0.002125
15.000000, 39.000000, 0.001894
15.000000, 40.000000, 0.001678
15.000000, 41.000000, 0.001474
15.000000, 42.000000, 0.001282
15.000000, 43.000000, 0.001099
15.000000, 44.000000, 0.000926
15.000000, 45.000000, 0.000760
15.000000, 46.000000, 0.000601
15.000000, 47.000000, 0.000446
15.000000, 48.000000, 0.000296
15.000000, 49.000000, 0.000147
16.000000, 0.000000, 0.000142
16.000000, 1.000000, 0.000285
16.000000, 2.000000, 0.000431
16.000000, 3.000000, 0.000581
16.000000, 4.000000, 0.000736
16.000000, 5.000000, 0.000897
16.000000, 6.000000, 0.001066
16.000000, 7.000000, 0.001246
16.000000, 8.000000, 0.001436
16.000000, 9.000000, 0.001639
16.000000, 10.000000, 0.001856
16.000000, 11.000000, 0.002090
16.000000, 12.000000, 0.002341
16.000000, 13.000000, 0.002613
16.000000, 14.000000, 0.002905
16.000000, 15.000000, 0.003218
16.000000, 16.000000, 0.003552
16.000000, 17.000000, 0.003906
16.000000, 18.000000, 0.004274
16.000000, 19.000000, 0.004650
16.000000, 20.000000, 0.005022
16.000000, 21.000000, 0.005374
16.000000, 22.000000, 0.005686
16.000000, 23.000000, 0.005935
16.000000, 24.000000, 0.006095
16.000000, 25.000000, 0.006150
16.000000, 26.000000, 0.006092
16.000000, 27.000000, 0.005929
16.000000, 28.000000, 0.005678
16.000000, 29.000000, 0.005363
16.000000, 30.000000, 0.005008
16.000000, 31.000000, 0.004633
16.000000, 32.000000, 0.004253
16.000000, 33.000000, 0.003882
16.000000, 34.000000, 0.003525
16.000000, 35.000000, 0.003187
16.000000, 36.000000, 0.002870
16.000000, 37.000000, 0.002574
16.000000, 38.000000, 0.002298
16.000000, 39.000000, 0.002041
16.000000, 40.000000, 0.001802
16.000000, 41.000000, 0.001579
16.000000, 42.000000, 0.001369
16.000000, 43.000000, 0.001172
16.000000, 44.000000, 0.000986
16.000000, 45.000000, 0.000809
16.000000, 46.000000, 0.000638
16.000000, 47.000000, 0.000474
16.000000, 48.000000, 0.000313
16.000000, 49.000000, 0.000156
17.000000, 0.000000, 0.000149
17.000000, 1.000000, 0.000300
17.000000, 2.000000, 0.000454
17.000000, 3.000000, 0.000612
17.000000, 4.000000, 0.000776
17.000000, 5.000000, 0.000947
17.000000, 6.000000, 0.001127
17.000000, 7.000000, 0.001319
17.000000, 8.000000, 0.001523
17.000000, 9.000000, 0.001743
17.000000, 10.000000, 0.001980
17.000000, 11.000000, 0.002237
17.000000, 12.000000, 0.002516
17.000000, 13.000000, 0.002820
17.000000, 14.000000, 0.003153
17.000000, 15.000000, 0.003514
17.000000, 16.000000, 0.003906
17.000000, 17.000000, 0.004328
17.000000, 18.000000, 0.004778
17.000000, 19.000000, 0.005247
17.000000, 20.000000, 0.005725
17.000000, 21.000000, 0.006190
17.000000, 22.000000, 0.006614
17.000000, 23.000000, 0.006959
17.000000, 24.000000, 0.007188
17.000000, 25.000000, 0.007268
17.000000, 26.000000, 0.007185
17.000000, 27.000000, 0.006954
17.000000, 28.000000, 0.006605
17.000000, 29.000000, 0.006178
17.000000, 30.000000, 0.005710
17.000000, 31.000000, 0.005229
17.000000, 32.000000, 0.004756
17.000000, 33.000000, 0.004303
17.000000, 34.000000, 0.003877
17.000000, 35.000000, 0.003481
17.000000, 36.000000, 0.003116
17.000000, 37.000000, 0.002780
17.000000, 38.000000, 0.002471
17.000000, 39.000000, 0.002186
17.000000, 40.000000, 0.001924
17.000000, 41.000000, 0.001680
17.000000, 42.000000, 0.001454
17.000000, 43.000000, 0.001242
17.000000, 44.000000, 0.001043
17.000000, 45.000000, 0.000854
17.000000, 46.000000, 0.000674
17.000000, 47.000000, 0.000500
17.000000, 48.000000, 0.000330
17.000000, 49.000000, 0.000164
18.000000, 0.000000, 0.000156
18.000000, 1.000000, 0.000314
18.000000, 2.000000, 0.000475
18.000000, 3.000000, 0.000640
18.000000, 4.000000, 0.000813
18.000000, 5.000000, 0.000993
18.000000, 6.000000, 0.001184
18.000000, 7.000000, 0.001388
18.000000, 8.000000, 0.001606
18.000000, 9.000000, 0.001842
18.000000, 10.000000, 0.002099
18.000000, 11.000000, 0.002380
18.000000, 12.000000, 0.002687
18.000000, 13.000000, 0.003027
18.000000, 14.000000, 0.003401
18.000000, 15.000000, 0.003816
18.000000, 16.000000, 0.004274
18.000000, 17.000000, 0.004778
18.000000, 18.000000, 0.005327
18.000000, 19.000000, 0.005917
18.000000, 20.000000, 0.006536
18.000000, 21.000000, 0.007160
18.000000, 22.000000, 0.007749
18.000000, 23.000000, 0.008248
18.000000, 24.000000, 0.008588
18.000000, 25.000000, 0.008710
18.000000, 26.000000, 0.008585
18.000000, 27.000000, 0.008242
18.000000, 28.000000, 0.007740
18.000000, 29.000000, 0.007148
18.000000, 30.000000, 0.006521
18.000000, 31.000000, 0.005899
18.000000, 32.000000, 0.005305
18.000000, 33.000000, 0.004752
18.000000, 34.000000, 0.004245
18.000000, 35.000000, 0.003783
18.000000, 36.000000, 0.003364
18.000000, 37.000000, 0.002985
18.000000, 38.000000, 0.002640
18.000000, 39.000000, 0.002327
18.000000, 40.000000, 0.002041
18.000000, 41.000000, 0.001778
18.000000, 42.000000, 0.001535
18.000000, 43.000000, 0.001309
18.000000, 44.000000, 0.001097
18.000000, 45.000000, 0.000897
18.000000, 46.000000, 0.000707
18.000000, 47.000000, 0.000524
18.000000, 48.000000, 0.000346
18.000000, 49.000000, 0.000172
19.000000, 0.000000, 0.000162
19.000000, 1.000000, 0.000326
19.000000, 2.000000, 0.000494
19.000000, 3.000000, 0.000666
19.000000, 4.000000, 0.000846
19.000000, 5.000000, 0.001036
19.000000, 6.000000, 0.001237
19.000000, 7.000000, 0.001451
19.000000, 8.000000, 0.001683
19.000000, 9.000000, 0.001935
19.000000, 10.000000, 0.002211
19.000000, 11.000000, 0.002514
19.000000, 12.000000, 0.002851
19.000000, 13.000000, 0.003226
19.000000, 14.000000, 0.003647
19.000000, 15.000000, 0.004118
19.000000, 16.000000, 0.004650
19.000000, 17.000000, 0.005247
19.000000, 18.000000, 0.005917
19.000000, 19.000000, 0.006660
19.000000, 20.000000, 0.007468
19.000000, 21.000000, 0.008318
19.000000, 22.000000, 0.009159
19.000000, 23.000000, 0.009907
19.000000, 24.000000, 0.010444
19.000000, 25.000000, 0.010643
19.000000, 26.000000, 0.010441
19.000000, 27.000000, 0.009901
19.000000, 28.000000, 0.009150
19.000000, 29.000000, 0.008305
19.000000, 30.000000, 0.007453
19.000000, 31.000000, 0.006641
19.000000, 32.000000, 0.005895
19.000000, 33.000000, 0.005221
19.000000, 34.000000, 0.004620
19.000000, 35.000000, 0.004084
19.000000, 36.000000, 0.003608
19.000000, 37.000000, 0.003183
19.000000, 38.000000, 0.002803
19.000000, 39.000000, 0.002460
19.000000, 40.000000, 0.002151
19.000000, 41.000000, 0.001868
19.000000, 42.000000, 0.001609
19.000000, 43.000000, 0.001370
19.000000, 44.000000, 0.001147
19.000000, 45.000000, 0.000936
19.000000, 46.000000, 0.000737
19.000000, 47.000000, 0.000546
19.000000, 48.000000, 0.000361
19.000000, 49.000000, 0.000179
20.000000, 0.000000, 0.000168
20.000000, 1.000000, 0.000337
20.000000, 2.000000, 0.000510
20.000000, 3.000000, 0.000690
20.000000, 4.000000, 0.000876
20.000000, 5.000000, 0.001073
20.000000, 6.000000, 0.001283
20.000000, 7.000000, 0.001508
20.000000, 8.000000, 0.001752
20.000000, 9.000000, 0.002019
20.000000, 10.000000, 0.002312
20.000000, 11.000000, 0.002638
20.000000, 12.000000, 0.003003
20.000000, 13.000000, 0.003414
20.000000, 14.000000, 0.003879
20.000000, 15.000000, 0.004412
20.000000, 16.000000, 0.005022
20.000000, 17.000000, 0.005725
20.000000, 18.000000, 0.006536
20.000000, 19.000000, 0.007468
20.000000, 20.000000, 0.008527
20.000000, 21.000000, 0.009700
20.000000, 22.000000, 0.010933
20.000000, 23.000000, 0.012110
20.000000, 24.000000, 0.013016
20.000000, 25.000000, 0.013378
20.000000, 26.000000, 0.013013
20.000000, 27.000000, 0.012104
20.000000, 28.000000, 0.010924
20.000000, 29.000000, 0.009687
20.000000, 30.000000, 0.008511
20.000000, 31.000000, 0.007449
20.000000, 32.000000, 0.006513
20.000000, 33.000000, 0.005698
20.000000, 34.000000, 0.004991
20.000000, 35.000000, 0.004377
20.000000, 36.000000, 0.003840
20.000000, 37.000000, 0.003369
20.000000, 38.000000, 0.002953
20.000000, 39.000000, 0.002583
20.000000, 40.000000, 0.002251
20.000000, 41.000000, 0.001950
20.000000, 42.000000, 0.001676
20.000000, 43.000000, 0.001424
20.000000, 44.000000, 0.001190
20.000000, 45.000000, 0.000971
20.000000, 46.000000, 0.000764
20.000000, 47.000000, 0.000565
20.000000, 48.000000, 0.000373
20.000000, 49.000000, 0.000186
21.000000, 0.000000, 0.000172
21.000000, 1.000000, 0.000346
21.000000, 2.000000, 0.000525
21.000000, 3.000000, 0.000709
21.000000, 4.000000, 0.000902
21.000000, 5.000000, 0.001105
21.000000, 6.000000, 0.001323
21.000000, 7.000000, 0.001557
21.000000, 8.000000, 0.001811
21.000000, 9.000000, 0.002091
21.000000, 10.000000, 0.002401
21.000000, 11.000000, 0.002747
21.000000, 12.000000, 0.003137
21.000000, 13.000000, 0.003582
21.000000, 14.000000, 0.004092
21.000000, 15.000000, 0.004683
21.000000, 16.000000, 0.005374
21.000000, 17.000000, 0.006190
21.000000, 18.000000, 0.007160
21.000000, 19.000000, 0.008318
21.000000, 20.000000, 0.009700
21.000000, 21.000000, 0.011327
21.000000, 22.000000, 0.013179
21.000000, 23.000000, 0.015121
21.000000, 24.000000, 0.016799
21.000000, 25.000000, 0.017564
21.000000, 26.000000, 0.016796
21.000000, 27.000000, 0.015115
21.000000, 28.000000, 0.013170
21.000000, 29.000000, 0.011314
21.000000, 30.000000, 0.009683
21.000000, 31.000000, 0.008298
21.000000, 32.000000, 0.007137
21.000000, 33.000000, 0.006163
21.000000, 34.000000, 0.005343
21.000000, 35.000000, 0.004647
21.000000, 36.000000, 0.004052
21.000000, 37.000000, 0.003536
21.000000, 38.000000, 0.003087
21.000000, 39.000000, 0.002690
21.000000, 40.000000, 0.002338
21.000000, 41.000000, 0.002021
21.000000, 42.000000, 0.001734
21.000000, 43.000000, 0.001471
21.000000, 44.000000, 0.001228
21.000000, 45.000000, 0.001001
21.000000, 46.000000, 0.000786
21.000000, 47.000000, 0.000582
21.000000, 48.000000, 0.000384
21.000000, 49.000000, 0.000191
22.000000, 0.000000, 0.000176
22.000000, 1.000000, 0.000354
22.000000, 2.000000, 0.000536
22.000000, 3.000000, 0.000724
22.000000, 4.000000, 0.000922
22.000000, 5.000000, 0.001131
22.000000, 6.000000, 0.001354
22.000000, 7.000000, 0.001596
22.000000, 8.000000, 0.001859
22.000000, 9.000000, 0.002150
22.000000, 10.000000, 0.002473
22.000000, 11.000000, 0.002837
22.000000, 12.000000, 0.003249
22.000000, 13.000000, 0.003723
22.000000, 14.000000, 0.004272
22.000000, 15.000000, 0.004918
22.000000, 16.000000, 0.005686
22.000000, 17.000000, 0.006614
22.000000, 18.000000, 0.007749
22.000000, 19.000000, 0.009159
22.000000, 20.000000, 0.010933
22.000000, 21.000000, 0.013179
22.000000, 22.000000, 0.015993
22.000000, 23.000000, 0.019352
22.000000, 24.000000, 0.022798
22.000000, 25.000000, 0.024819
22.000000, 26.000000, 0.022795
22.000000, 27.000000, 0.019346
22.000000, 28.000000, 0.015984
22.000000, 29.000000, 0.013166
22.000000, 30.000000, 0.010917
22.000000, 31.000000, 0.009139
22.000000, 32.000000, 0.007725
22.000000, 33.000000, 0.006586
22.000000, 34.000000, 0.005655
22.000000, 35.000000, 0.004882
22.000000, 36.000000, 0.004231
22.000000, 37.000000, 0.003677
22.000000, 38.000000, 0.003198
22.000000, 39.000000, 0.002779
22.000000, 40.000000, 0.002409
22.000000, 41.000000, 0.002079
22.000000, 42.000000, 0.001781
22.000000, 43.000000, 0.001509
22.000000, 44.000000, 0.001258
22.000000, 45.000000, 0.001025
22.000000, 46.000000, 0.000805
22.000000, 47.000000, 0.000595
22.000000, 48.000000, 0.000392
22.000000, 49.000000, 0.000195
23.000000, 0.000000, 0.000178
23.000000, 1.000000, 0.000359
23.000000, 2.000000, 0.000544
23.000000, 3.000000, 0.000736
23.000000, 4.000000, 0.000937
23.000000, 5.000000, 0.001149
23.000000, 6.000000, 0.001377
23.000000, 7.000000, 0.001624
23.000000, 8.000000, 0.001895
23.000000, 9.000000, 0.002193
23.000000, 10.000000, 0.002527
23.000000, 11.000000, 0.002903
23.000000, 12.000000, 0.003333
23.000000, 13.000000, 0.003830
23.000000, 14.000000, 0.004411
23.000000, 15.000000, 0.005101
23.000000, 16.000000, 0.005935
23.000000, 17.000000, 0.006959
23.000000, 18.000000, 0.008248
23.000000, 19.000000, 0.009907
23.000000, 20.000000, 0.012110
23.000000, 21.000000, 0.015121
23.000000, 22.000000, 0.019352
23.000000, 23.000000, 0.025330
23.000000, 24.000000, 0.033206
23.000000, 25.000000, 0.040161
23.000000, 26.000000, 0.033202
23.000000, 27.000000, 0.025324
23.000000, 28.000000, 0.019343
23.000000, 29.000000, 0.015108
23.000000, 30.000000, 0.012093
23.000000, 31.000000, 0.009887
23.000000, 32.000000, 0.008224
23.000000, 33.000000, 0.006931
23.000000, 34.000000, 0.005903
23.000000, 35.000000, 0.005065
23.000000, 36.000000, 0.004370
23.000000, 37.000000, 0.003783
23.000000, 38.000000, 0.003281
23.000000, 39.000000, 0.002845
23.000000, 40.000000, 0.002462
23.000000, 41.000000, 0.002121
23.000000, 42.000000, 0.001815
23.000000, 43.000000, 0.001536
23.000000, 44.000000, 0.001280
23.000000, 45.000000, 0.001042
23.000000, 46.000000, 0.000818
23.000000, 47.000000, 0.000604
23.000000, 48.000000, 0.000399
23.000000, 49.000000, 0.000198
24.000000, 0.000000, 0.000180
24.000000, 1.000000, 0.000362
24.000000, 2.000000, 0.000549
24.000000, 3.000000, 0.000742
24.000000, 4.000000, 0.000945
24.000000, 5.000000, 0.001161
24.000000, 6.000000, 0.001391
24.000000, 7.000000, 0.001642
24.000000, 8.000000, 0.001916
24.000000, 9.000000, 0.002219
24.000000, 10.000000, 0.002559
24.000000, 11.000000, 0.002944
24.000000, 12.000000, 0.003385
24.000000, 13.000000, 0.003897
24.000000, 14.000000, 0.004498
24.000000, 15.000000, 0.005218
24.000000, 16.000000, 0.006095
24.000000, 17.000000, 0.007188
24.000000, 18.000000, 0.008588
24.000000, 19.000000, 0.010444
24.000000, 20.000000, 0.013016
24.000000, 21.000000, 0.016799
24.000000, 22.000000, 0.022798
24.000000, 23.000000, 0.033206
24.000000, 24.000000, 0.052463
24.000000, 25.000000, 0.083335
24.000000, 26.000000, 0.052460
24.000000, 27.000000, 0.033199
24.000000, 28.000000, 0.022789
24.000000, 29.000000, 0.016786
24.000000, 30.000000, 0.013000
24.000000, 31.000000, 0.010424
24.000000, 32.000000, 0.008564
24.000000, 33.000000, 0.007160
24.000000, 34.000000, 0.006063
24.000000, 35.000000, 0.005182
24.000000, 36.000000, 0.004457
24.000000, 37.000000, 0.003850
24.000000, 38.000000, 0.003333
24.000000, 39.000000, 0.002886
24.000000, 40.000000, 0.002494
24.000000, 41.000000, 0.002147
24.000000, 42.000000, 0.001836
24.000000, 43.000000, 0.001553
24.000000, 44.000000, 0.001294
24.000000, 45.000000, 0.001052
24.000000, 46.000000, 0.000826
24.000000, 47.000000, 0.000610
24.000000, 48.000000, 0.000402
24.000000, 49.000000, 0.000200
25.000000, 0.000000, 0.000180
25.000000, 1.000000, 0.000363
25.000000, 2.000000, 0.000550
25.000000, 3.000000, 0.000744
25.000000, 4.000000, 0.000948
25.000000, 5.000000, 0.001164
25.000000, 6.000000, 0.001396
25.000000, 7.000000, 0.001647
25.000000, 8.000000, 0.001922
25.000000, 9.000000, 0.002228
25.000000, 10.000000, 0.002570
25.000000, 11.000000, 0.002957
25.000000, 12.000000, 0.003402
25.000000, 13.000000, 0.003918
25.000000, 14.000000, 0.004527
25.000000, 15.000000, 0.005257
25.000000, 16.000000, 0.006150
25.000000, 17.000000, 0.007268
25.000000, 18.000000, 0.008710
25.000000, 19.000000, 0.010643
25.000000, 20.000000, 0.013378
25.000000, 21.000000, 0.017564
25.000000, 22.000000, 0.024819
25.000000, 23.000000, 0.040161
25.000000, 24.000000, 0.083335
25.000000, 25.000000, 0.250000
25.000000, 26.000000, 0.083332
25.000000, 27.000000, 0.040155
25.000000, 28.000000, 0.024809
25.000000, 29.000000, 0.017551
25.000000, 30.000000, 0.013361
25.000000, 31.000000, 0.010622
25.000000, 32.000000, 0.008686
25.000000, 33.000000, 0.007240
25.000000, 34.000000, 0.006118
25.000000, 35.000000, 0.005221
25.000000, 36.000000, 0.004486
25.000000, 37.000000, 0.003872
25.000000, 38.000000, 0.003350
25.000000, 39.000000, 0.002899
25.000000, 40.000000, 0.002505
25.000000, 41.000000, 0.002156
25.000000, 42.000000, 0.001843
25.000000, 43.000000, 0.001558
25.000000, 44.000000, 0.001298
25.000000, 45.000000, 0.001055
25.000000, 46.000000, 0.000828
25.000000, 47.000000, 0.000612
25.000000, 48.000000, 0.000403
25.000000, 49.000000, 0.000200
26.000000, 0.000000, 0.000180
26.000000, 1.000000, 0.000362
26.000000, 2.000000, 0.000548
26.000000, 3.000000, 0.000742
26.000000, 4.000000, 0.000944
26.000000, 5.000000, 0.001159
26.000000, 6.000000, 0.001390
26.000000, 7.000000, 0.001640
26.000000, 8.000000, 0.001914
26.000000, 9.000000, 0.002218
26.000000, 10.000000, 0.002557
26.000000, 11.000000, 0.002942
26.000000, 12.000000, 0.003383
26.000000, 13.000000, 0.003894
26.000000, 14.000000, 0.004496
26.000000, 15.000000, 0.005216
26.000000, 16.000000, 0.006092
26.000000, 17.000000, 0.007185
26.000000, 18.000000, 0.008585
26.000000, 19.000000, 0.010441
26.000000, 20.000000, 0.013013
26.000000, 21.000000, 0.016796
26.000000, 22.000000, 0.022795
26.000000, 23.000000, 0.033202
26.000000, 24.000000, 0.052460
26.000000, 25.000000, 0.083332
26.000000, 26.000000, 0.052457
26.000000, 27.000000, 0.033196
26.000000, 28.000000, 0.022786
26.000000, 29.000000, 0.016783
26.000000, 30.000000, 0.012997
26.000000, 31.000000, 0.010421
26.000000, 32.000000, 0.008561
26.000000, 33.000000, 0.007158
26.000000, 34.000000, 0.006060
26.000000, 35.000000, 0.005179
26.000000, 36.000000, 0.004454
26.000000, 37.000000, 0.003848
26.000000, 38.000000, 0.003330
26.000000, 39.000000, 0.002884
26.000000, 40.000000, 0.002493
26.000000, 41.000000, 0.002146
26.000000, 42.000000, 0.001834
26.000000, 43.000000, 0.001552
26.000000, 44.000000, 0.001292
26.000000, 45.000000, 0.001051
26.000000, 46.000000, 0.000825
26.000000, 47.000000, 0.000609
26.000000, 48.000000, 0.000402
26.000000, 49.000000, 0.000200
27.000000, 0.000000, 0.000178
27.000000, 1.000000, 0.000358
27.000000, 2.000000, 0.000543
27.000000, 3.000000, 0.000734
27.000000, 4.000000, 0.000935
27.000000, 5.000000, 0.001147
27.000000, 6.000000, 0.001375
27.000000, 7.000000, 0.001621
27.000000, 8.000000, 0.001891
27.000000, 9.000000, 0.002189
27.000000, 10.000000, 0.002523
27.000000, 11.000000, 0.002899
27.000000, 12.000000, 0.003329
27.000000, 13.000000, 0.003825
27.000000, 14.000000, 0.004406
27.000000, 15.000000, 0.005096
27.000000, 16.000000, 0.005929
27.000000, 17.000000, 0.006954
27.000000, 18.000000, 0.008242
27.000000, 19.000000, 0.009901
27.000000, 20.000000, 0.012104
27.000000, 21.000000, 0.015115
27.000000, 22.000000, 0.019346
27.000000, 23.000000, 0.025324
27.000000, 24.000000, 0.033199
27.000000, 25.000000, 0.040155
27.000000, 26.000000, 0.033196
27.000000, 27.000000, 0.025318
27.000000, 28.000000, 0.019336
27.000000, 29.000000, 0.015102
27.000000, 30.000000, 0.012087
27.000000, 31.000000, 0.009881
27.000000, 32.000000, 0.008218
27.000000, 33.000000, 0.006926
27.000000, 34.000000, 0.005897
27.000000, 35.000000, 0.005060
27.000000, 36.000000, 0.004365
27.000000, 37.000000, 0.003779
27.000000, 38.000000, 0.003277
27.000000, 39.000000, 0.002841
27.000000, 40.000000, 0.002459
27.000000, 41.000000, 0.002118
27.000000, 42.000000, 0.001812
27.000000, 43.000000, 0.001534
27.000000, 44.000000, 0.001278
27.000000, 45.000000, 0.001040
27.000000, 46.000000, 0.000816
27.000000, 47.000000, 0.000603
27.000000, 48.000000, 0.000398
27.000000, 49.000000, 0.000198
28.000000, 0.000000, 0.000175
28.000000, 1.000000, 0.000353
28.000000, 2.000000, 0.000534
28.000000, 3.000000, 0.000722
28.000000, 4.000000, 0.000919
28.000000, 5.000000, 0.001127
28.000000, 6.000000, 0.001350
28.000000, 7.000000, 0.001591
28.000000, 8.000000, 0.001854
28.000000, 9.000000, 0.002144
28.000000, 10.000000, 0.002467
28.000000, 11.000000, 0.002830
28.000000, 12.000000, 0.003242
28.000000, 13.000000, 0.003716
28.000000, 14.000000, 0.004265
28.000000, 15.000000, 0.004910
28.000000, 16.000000, 0.005678
28.000000, 17.000000, 0.006605
28.000000, 18.000000, 0.007740
28.000000, 19.000000, 0.009150
28.000000, 20.000000, 0.010924
28.000000, 21.000000, 0.013170
28.000000, 22.000000, 0.015984
28.000000, 23.000000, 0.019343
28.000000, 24.000000, 0.022789
28.000000, 25.000000, 0.024809
28.000000, 26.000000, 0.022786
28.000000, 27.000000, 0.019336
28.000000, 28.000000, 0.015974
28.000000, 29.000000, 0.013157
28.000000, 30.000000, 0.010908
28.000000, 31.000000, 0.009130
28.000000, 32.000000, 0.007716
28.000000, 33.000000, 0.006578
28.000000, 34.000000, 0.005647
28.000000, 35.000000, 0.004874
28.000000, 36.000000, 0.004224
28.000000, 37.000000, 0.003670
28.000000, 38.000000, 0.003191
28.000000, 39.000000, 0.002773
28.000000, 40.000000, 0.002404
28.000000, 41.000000, 0.002074
28.000000, 42.000000, 0.001776
28.000000, 43.000000, 0.001505
28.000000, 44.000000, 0.001255
28.000000, 45.000000, 0.001022
28.000000, 46.000000, 0.000802
28.000000, 47.000000, 0.000593
28.000000, 48.000000, 0.000391
28.000000, 49.000000, 0.000194
29.000000, 0.000000, 0.000171
29.000000, 1.000000, 0.000345
29.000000, 2.000000, 0.000522
29.000000, 3.000000, 0.000706
29.000000, 4.000000, 0.000898
29.000000, 5.000000, 0.001101
29.000000, 6.000000, 0.001317
29.000000, 7.000000, 0.001551
29.000000, 8.000000, 0.001805
29.000000, 9.000000, 0.002084
29.000000, 10.000000, 0.002393
29.000000, 11.000000, 0.002738
29.000000, 12.000000, 0.003128
29.000000, 13.000000, 0.003572
29.000000, 14.000000, 0.004082
29.000000, 15.000000, 0.004672
29.000000, 16.000000, 0.005363
29.000000, 17.000000, 0.006178
29.000000, 18.000000, 0.007148
29.000000, 19.000000, 0.008305
29.000000, 20.000000, 0.009687
29.000000, 21.000000, 0.011314
29.000000, 22.000000, 0.013166
29.000000, 23.000000, 0.015108
29.000000, 24.000000, 0.016786
29.000000, 25.000000, 0.017551
29.000000, 26.000000, 0.016783
29.000000, 27.000000, 0.015102
29.000000, 28.000000, 0.013157
29.000000, 29.000000, 0.011302
29.000000, 30.000000, 0.009671
29.000000, 31.000000, 0.008286
29.000000, 32.000000, 0.007125
29.000000, 33.000000, 0.006151
29.000000, 34.000000, 0.005332
29.000000, 35.000000, 0.004637
29.000000, 36.000000, 0.004042
29.000000, 37.000000, 0.003527
29.000000, 38.000000, 0.003078
29.000000, 39.000000, 0.002682
29.000000, 40.000000, 0.002331
29.000000, 41.000000, 0.002014
29.000000, 42.000000, 0.001728
29.000000, 43.000000, 0.001466
29.000000, 44.000000, 0.001223
29.000000, 45.000000, 0.000997
29.000000, 46.000000, 0.000783
29.000000, 47.000000, 0.000579
29.000000, 48.000000, 0.000382
29.000000, 49.000000, 0.000190
30.000000, 0.000000, 0.000167
30.000000, 1.000000, 0.000335
30.000000, 2.000000, 0.000508
30.000000, 3.000000, 0.000686
30.000000, 4.000000, 0.000871
30.000000, 5.000000, 0.001068
30.000000, 6.000000, 0.001276
30.000000, 7.000000, 0.001501
30.000000, 8.000000, 0.001744
30.000000, 9.000000, 0.002010
30.000000, 10.000000, 0.002302
30.000000, 11.000000, 0.002628
30.000000, 12.000000, 0.002991
30.000000, 13.000000, 0.003402
30.000000, 14.000000, 0.003867
30.000000, 15.000000, 0.004398
30.000000, 16.000000, 0.005008
30.000000, 17.000000, 0.005710
30.000000, 18.000000, 0.006521
30.000000, 19.000000, 0.007453
30.000000, 20.000000, 0.008511
30.000000, 21.000000, 0.009683
30.000000, 22.000000, 0.010917
30.000000, 23.000000, 0.012093
30.000000, 24.000000, 0.013000
30.000000, 25.000000, 0.013361
30.000000, 26.000000, 0.012997
30.000000, 27.000000, 0.012087
30.000000, 28.000000, 0.010908
30.000000, 29.000000, 0.009671
30.000000, 30.000000, 0.008495
30.000000, 31.000000, 0.007434
30.000000, 32.000000, 0.006498
30.000000, 33.000000, 0.005684
30.000000, 34.000000, 0.004977
30.000000, 35.000000, 0.004363
30.000000, 36.000000, 0.003827
30.000000, 37.000000, 0.003358
30.000000, 38.000000, 0.002942
30.000000, 39.000000, 0.002573
30.000000, 40.000000, 0.002241
30.000000, 41.000000, 0.001942
30.000000, 42.000000, 0.001669
30.000000, 43.000000, 0.001418
30.000000, 44.000000, 0.001185
30.000000, 45.000000, 0.000966
30.000000, 46.000000, 0.000760
30.000000, 47.000000, 0.000562
30.000000, 48.000000, 0.000371
30.000000, 49.000000, 0.000185
31.000000, 0.000000, 0.000161
31.000000, 1.000000, 0.000324
31.000000, 2.000000, 0.000490
31.000000, 3.000000, 0.000662
31.000000, 4.000000, 0.000841
31.000000, 5.000000, 0.001029
31.000000, 6.000000, 0.001228
31.000000, 7.000000, 0.001442
31.000000, 8.000000, 0.001673
31.000000, 9.000000, 0.001924
31.000000, 10.000000, 0.002199
31.000000, 11.000000, 0.002501
31.000000, 12.000000, 0.002837
31.000000, 13.000000, 0.003211
31.000000, 14.000000, 0.003631
31.000000, 15.000000, 0.004102
31.000000, 16.000000, 0.004633
31.000000, 17.000000, 0.005229
31.000000, 18.000000, 0.005899
31.000000, 19.000000, 0.006641
31.000000, 20.000000, 0.007449
31.000000, 21.000000, 0.008298
31.000000, 22.000000, 0.009139
31.000000, 23.000000, 0.009887
31.000000, 24.000000, 0.010424
31.000000, 25.000000, 0.010622
31.000000, 26.000000, 0.010421
31.000000, 27.000000, 0.009881
31.000000, 28.000000, 0.009130
31.000000, 29.000000, 0.008286
31.000000, 30.000000, 0.007434
31.000000, 31.000000, 0.006622
31.000000, 32.000000, 0.005877
31.000000, 33.000000, 0.005204
31.000000, 34.000000, 0.004603
31.000000, 35.000000, 0.004068
31.000000, 36.000000, 0.003593
31.000000, 37.000000, 0.003169
31.000000, 38.000000, 0.002789
31.000000, 39.000000, 0.002448
31.000000, 40.000000, 0.002139
31.000000, 41.000000, 0.001858
31.000000, 42.000000, 0.001600
31.000000, 43.000000, 0.001362
31.000000, 44.000000, 0.001139
31.000000, 45.000000, 0.000930
31.000000, 46.000000, 0.000732
31.000000, 47.000000, 0.000542
31.000000, 48.000000, 0.000358
31.000000, 49.000000, 0.000178
32.000000, 0.000000, 0.000155
32.000000, 1.000000, 0.000311
32.000000, 2.000000, 0.000471
32.000000, 3.000000, 0.000635
32.000000, 4.000000, 0.000806
32.000000, 5.000000, 0.000985
32.000000, 6.000000, 0.001175
32.000000, 7.000000, 0.001377
32.000000, 8.000000, 0.001594
32.000000, 9.000000, 0.001829
32.000000, 10.000000, 0.002084
32.000000, 11.000000, 0.002364
32.000000, 12.000000, 0.002671
32.000000, 13.000000, 0.003009
32.000000, 14.000000, 0.003383
32.000000, 15.000000, 0.003797
32.000000, 16.000000, 0.004253
32.000000, 17.000000, 0.004756
32.000000, 18.000000, 0.005305
32.000000, 19.000000, 0.005895
32.000000, 20.000000, 0.006513
32.000000, 21.000000, 0.007137
32.000000, 22.000000, 0.007725
32.000000, 23.000000, 0.008224
32.000000, 24.000000, 0.008564
32.000000, 25.000000, 0.008686
32.000000, 26.000000, 0.008561
32.000000, 27.000000, 0.008218
32.000000, 28.000000, 0.007716
32.000000, 29.000000, 0.007125
32.000000, 30.000000, 0.006498
32.000000, 31.000000, 0.005877
32.000000, 32.000000, 0.005283
32.000000, 33.000000, 0.004731
32.000000, 34.000000, 0.004225
32.000000, 35.000000, 0.003764
32.000000, 36.000000, 0.003346
32.000000, 37.000000, 0.002968
32.000000, 38.000000, 0.002624
32.000000, 39.000000, 0.002312
32.000000, 40.000000, 0.002027
32.000000, 41.000000, 0.001765
32.000000, 42.000000, 0.001524
32.000000, 43.000000, 0.001299
32.000000, 44.000000, 0.001089
32.000000, 45.000000, 0.000890
32.000000, 46.000000, 0.000701
32.000000, 47.000000, 0.000519
32.000000, 48.000000, 0.000343
32.000000, 49.000000, 0.000171
33.000000, 0.000000, 0.000148
33.000000, 1.000000, 0.000297
33.000000, 2.000000, 0.000449
33.000000, 3.000000, 0.000605
33.000000, 4.000000, 0.000768
33.000000, 5.000000, 0.000937
33.000000, 6.000000, 0.001116
33.000000, 7.000000, 0.001306
33.000000, 8.000000, 0.001509
33.000000, 9.000000, 0.001727
33.000000, 10.000000, 0.001963
33.000000, 11.000000, 0.002219
33.000000, 12.000000, 0.002497
33.000000, 13.000000, 0.002800
33.000000, 14.000000, 0.003131
33.000000, 15.000000, 0.003491
33.000000, 16.000000, 0.003882
33.000000, 17.000000, 0.004303
33.000000, 18.000000, 0.004752
33.000000, 19.000000, 0.005221
33.000000, 20.000000, 0.005698
33.000000, 21.000000, 0.006163
33.000000, 22.000000, 0.006586
33.000000, 23.000000, 0.006931
33.000000, 24.000000, 0.007160
33.000000, 25.000000, 0.007240
33.000000, 26.000000, 0.007158
33.000000, 27.000000, 0.006926
33.000000, 28.000000, 0.006578
33.000000, 29.000000, 0.006151
33.000000, 30.000000, 0.005684
33.000000, 31.000000, 0.005204
33.000000, 32.000000, 0.004731
33.000000, 33.000000, 0.004279
33.000000, 34.000000, 0.003854
33.000000, 35.000000, 0.003459
33.000000, 36.000000, 0.003095
33.000000, 37.000000, 0.002760
33.000000, 38.000000, 0.002452
33.000000, 39.000000, 0.002169
33.000000, 40.000000, 0.001908
33.000000, 41.000000, 0.001666
33.000000, 42.000000, 0.001441
33.000000, 43.000000, 0.001231
33.000000, 44.000000, 0.001033
33.000000, 45.000000, 0.000846
33.000000, 46.000000, 0.000667
33.000000, 47.000000, 0.000495
33.000000, 48.000000, 0.000327
33.000000, 49.000000, 0.000163
34.000000, 0.000000, 0.000140
34.000000, 1.000000, 0.000282
34.000000, 2.000000, 0.000426
34.000000, 3.000000, 0.000574
34.000000, 4.000000, 0.000727
34.000000, 5.000000, 0.000886
34.000000, 6.000000, 0.001054
34.000000, 7.000000, 0.001231
34.000000, 8.000000, 0.001419
34.000000, 9.000000, 0.001621
34.000000, 10.000000, 0.001837
34.000000, 11.000000, 0.002069
34.000000, 12.000000, 0.002319
34.000000, 13.000000, 0.002589
34.000000, 14.000000, 0.002880
34.000000, 15.000000, 0.003192
34.000000, 16.000000, 0.003525
34.000000, 17.000000, 0.003877
34.000000, 18.000000, 0.004245
34.000000, 19.000000, 0.004620
34.000000, 20.000000, 0.004991
34.000000, 21.000000, 0.005343
34.000000, 22.000000, 0.005655
34.000000, 23.000000, 0.005903
34.000000, 24.000000, 0.006063
34.000000, 25.000000, 0.006118
34.000000, 26.000000, 0.006060
34.000000, 27.000000, 0.005897
34.000000, 28.000000, 0.005647
34.000000, 29.000000, 0.005332
34.000000, 30.000000, 0.004977
34.000000, 31.000000, 0.004603
34.000000, 32.000000, 0.004225
34.000000, 33.000000, 0.003854
34.000000, 34.000000, 0.003498
34.000000, 35.000000, 0.003162
34.000000, 36.000000, 0.002846
34.000000, 37.000000, 0.002551
34.000000, 38.000000, 0.002276
34.000000, 39.000000, 0.002021
34.000000, 40.000000, 0.001784
34.000000, 41.000000, 0.001562
34.000000, 42.000000, 0.001354
34.000000, 43.000000, 0.001159
34.000000, 44.000000, 0.000975
34.000000, 45.000000, 0.000799
34.000000, 46.000000, 0.000631
34.000000, 47.000000, 0.000468
34.000000, 48.000000, 0.000310
34.000000, 49.000000, 0.000154
35.000000, 0.000000, 0.000132
35.000000, 1.000000, 0.000265
35.000000, 2.000000, 0.000401
35.000000, 3.000000, 0.000540
35.000000, 4.000000, 0.000683
35.000000, 5.000000, 0.000832
35.000000, 6.000000, 0.000989
35.000000, 7.000000, 0.001153
35.000000, 8.000000, 0.001327
35.000000, 9.000000, 0.001511
35.000000, 10.000000, 0.001708
35.000000, 11.000000, 0.001917
35.000000, 12.000000, 0.002141
35.000000, 13.000000, 0.002380
35.000000, 14.000000, 0.002635
35.000000, 15.000000, 0.002904
35.000000, 16.000000, 0.003187
35.000000, 17.000000, 0.003481
35.000000, 18.000000, 0.003783
35.000000, 19.000000, 0.004084
35.000000, 20.000000, 0.004377
35.000000, 21.000000, 0.004647
35.000000, 22.000000, 0.004882
35.000000, 23.000000, 0.005065
35.000000, 24.000000, 0.005182
35.000000, 25.000000, 0.005221
35.000000, 26.000000, 0.005179
35.000000, 27.000000, 0.005060
35.000000, 28.000000, 0.004874
35.000000, 29.000000, 0.004637
35.000000, 30.000000, 0.004363
35.000000, 31.000000, 0.004068
35.000000, 32.000000, 0.003764
35.000000, 33.000000, 0.003459
35.000000, 34.000000, 0.003162
35.000000, 35.000000, 0.002875
35.000000, 36.000000, 0.002602
35.000000, 37.000000, 0.002343
35.000000, 38.000000, 0.002100
35.000000, 39.000000, 0.001872
35.000000, 40.000000, 0.001657
35.000000, 41.000000, 0.001455
35.000000, 42.000000, 0.001265
35.000000, 43.000000, 0.001085
35.000000, 44.000000, 0.000914
35.000000, 45.000000, 0.000750
35.000000, 46.000000, 0.000592
35.000000, 47.000000, 0.000440
35.000000, 48.000000, 0.000291
35.000000, 49.000000, 0.000145
36.000000, 0.000000, 0.000124
36.000000, 1.000000, 0.000249
36.000000, 2.000000, 0.000375
36.000000, 3.000000, 0.000505
36.000000, 4.000000, 0.000639
36.000000, 5.000000, 0.000777
36.000000, 6.000000, 0.000921
36.000000, 7.000000, 0.001073
36.000000, 8.000000, 0.001232
36.000000, 9.000000, 0.001400
36.000000, 10.000000, 0.001578
36.000000, 11.000000, 0.001766
36.000000, 12.000000, 0.001965
36.000000, 13.000000, 0.002176
36.000000, 14.000000, 0.002397
36.000000, 15.000000, 0.002629
36.000000, 16.000000, 0.002870
36.000000, 17.000000, 0.003116
36.000000, 18.000000, 0.003364
36.000000, 19.000000, 0.003608
36.000000, 20.000000, 0.003840
36.000000, 21.000000, 0.004052
36.000000, 22.000000, 0.004231
36.000000, 23.000000, 0.004370
36.000000, 24.000000, 0.004457
36.000000, 25.000000, 0.004486
36.000000, 26.000000, 0.004454
36.000000, 27.000000, 0.004365
36.000000, 28.000000, 0.004224
36.000000, 29.000000, 0.004042
36.000000, 30.000000, 0.003827
36.000000, 31.000000, 0.003593
36.000000, 32.000000, 0.003346
36.000000, 33.000000, 0.003095
36.000000, 34.000000, 0.002846
36.000000, 35.000000, 0.002602
36.000000, 36.000000, 0.002366
36.000000, 37.000000, 0.002141
36.000000, 38.000000, 0.001926
36.000000, 39.000000, 0.001723
36.000000, 40.000000, 0.001530
36.000000, 41.000000, 0.001347
36.000000, 42.000000, 0.001173
36.000000, 43.000000, 0.001008
36.000000, 44.000000, 0.000850
36.000000, 45.000000, 0.000699
36.000000, 46.000000, 0.000553
36.000000, 47.000000, 0.000411
36.000000, 48.000000, 0.000272
36.000000, 49.000000, 0.000136
37.000000, 0.000000, 0.000115
37.000000, 1.000000, 0.000231
37.000000, 2.000000, 0.000349
37.000000, 3.000000, 0.000469
37.000000, 4.000000, 0.000593
37.000000, 5.000000, 0.000720
37.000000, 6.000000, 0.000853
37.000000, 7.000000, 0.000991
37.000000, 8.000000, 0.001136
37.000000, 9.000000, 0.001289
37.000000, 10.000000, 0.001449
37.000000, 11.000000, 0.001616
37.000000, 12.000000, 0.001793
37.000000, 13.000000, 0.001978
37.000000, 14.000000, 0.002170
37.000000, 15.000000, 0.002369
37.000000, 16.000000, 0.002574
37.000000, 17.000000, 0.002780
37.000000, 18.000000, 0.002985
37.000000, 19.000000, 0.003183
37.000000, 20.000000, 0.003369
37.000000, 21.000000, 0.003536
37.000000, 22.000000, 0.003677
37.000000, 23.000000, 0.003783
37.000000, 24.000000, 0.003850
37.000000, 25.000000, 0.003872
37.000000, 26.000000, 0.003848
37.000000, 27.000000, 0.003779
37.000000, 28.000000, 0.003670
37.000000, 29.000000, 0.003527
37.000000, 30.000000, 0.003358
37.000000, 31.000000, 0.003169
37.000000, 32.000000, 0.002968
37.000000, 33.000000, 0.002760
37.000000, 34.000000, 0.002551
37.000000, 35.000000, 0.002343
37.000000, 36.000000, 0.002141
37.000000, 37.000000, 0.001945
37.000000, 38.000000, 0.001756
37.000000, 39.000000, 0.001576
37.000000, 40.000000, 0.001403
37.000000, 41.000000, 0.001239
37.000000, 42.000000, 0.001081
37.000000, 43.000000, 0.000931
37.000000, 44.000000, 0.000786
37.000000, 45.000000, 0.000647
37.000000, 46.000000, 0.000512
37.000000, 47.000000, 0.000381
37.000000, 48.000000, 0.000253
37.000000, 49.000000, 0.000126
38.000000, 0.000000, 0.000106
38.000000, 1.000000, 0.000213
38.000000, 2.000000, 0.000322
38.000000, 3.000000, 0.000433
38.000000, 4.000000, 0.000546
38.000000, 5.000000, 0.000663
38.000000, 6.000000, 0.000784
38.000000, 7.000000, 0.000910
38.000000, 8.000000, 0.001041
38.000000, 9.000000, 0.001178
38.000000, 10.000000, 0.001321
38.000000, 11.000000, 0.001470
38.000000, 12.000000, 0.001626
38.000000, 13.000000, 0.001787
38.000000, 14.000000, 0.001954
38.000000, 15.000000, 0.002125
38.000000, 16.000000, 0.002298
38.000000, 17.000000, 0.002471
38.000000, 18.000000, 0.002640
38.000000, 19.000000, 0.002803
38.000000, 20.000000, 0.002953
38.000000, 21.000000, 0.003087
38.000000, 22.000000, 0.003198
38.000000, 23.000000, 0.003281
38.000000, 24.000000, 0.003333
38.000000, 25.000000, 0.003350
38.000000, 26.000000, 0.003330
38.000000, 27.000000, 0.003277
38.000000, 28.000000, 0.003191
38.000000, 29.000000, 0.003078
38.000000, 30.000000, 0.002942
38.000000, 31.000000, 0.002789
38.000000, 32.000000, 0.002624
38.000000, 33.000000, 0.002452
38.000000, 34.000000, 0.002276
38.000000, 35.000000, 0.002100
38.000000, 36.000000, 0.001926
38.000000, 37.000000, 0.001756
38.000000, 38.000000, 0.001591
38.000000, 39.000000, 0.001432
38.000000, 40.000000, 0.001279
38.000000, 41.000000, 0.001131
38.000000, 42.000000, 0.000990
38.000000, 43.000000, 0.000853
38.000000, 44.000000, 0.000722
38.000000, 45.000000, 0.000595
38.000000, 46.000000, 0.000471
38.000000, 47.000000, 0.000351
38.000000, 48.000000, 0.000233
38.000000, 49.000000, 0.000116
39.000000, 0.000000, 0.000097
39.000000, 1.000000, 0.000195
39.000000, 2.000000, 0.000295
39.000000, 3.000000, 0.000396
39.000000, 4.000000, 0.000499
39.000000, 5.000000, 0.000605
39.000000, 6.000000, 0.000715
39.000000, 7.000000, 0.000828
39.000000, 8.000000, 0.000946
39.000000, 9.000000, 0.001068
39.000000, 10.000000, 0.001196
39.000000, 11.000000, 0.001327
39.000000, 12.000000, 0.001464
39.000000, 13.000000, 0.001604
39.000000, 14.000000, 0.001748
39.000000, 15.000000, 0.001894
39.000000, 16.000000, 0.002041
39.000000, 17.000000, 0.002186
39.000000, 18.000000, 0.002327
39.000000, 19.000000, 0.002460
39.000000, 20.000000, 0.002583
39.000000, 21.000000, 0.002690
39.000000, 22.000000, 0.002779
39.000000, 23.000000, 0.002845
39.000000, 24.000000, 0.002886
39.000000, 25.000000, 0.002899
39.000000, 26.000000, 0.002884
39.000000, 27.000000, 0.002841
39.000000, 28.000000, 0.002773
39.000000, 29.000000, 0.002682
39.000000, 30.000000, 0.002573
39.000000, 31.000000, 0.002448
39.000000, 32.000000, 0.002312
39.000000, 33.000000, 0.002169
39.000000, 34.000000, 0.002021
39.000000, 35.000000, 0.001872
39.000000, 36.000000, 0.001723
39.000000, 37.000000, 0.001576
39.000000, 38.000000, 0.001432
39.000000, 39.000000, 0.001292
39.000000, 40.000000, 0.001157
39.000000, 41.000000, 0.001025
39.000000, 42.000000, 0.000899
39.000000, 43.000000, 0.000776
39.000000, 44.000000, 0.000658
39.000000, 45.000000, 0.000542
39.000000, 46.000000, 0.000430
39.000000, 47.000000, 0.000321
39.000000, 48.000000, 0.000213
39.000000, 49.000000, 0.000106
40.000000, 0.000000, 0.000088
40.000000, 1.000000, 0.000177
40.000000, 2.000000, 0.000267
40.000000, 3.000000, 0.000359
40.000000, 4.000000, 0.000452
40.000000, 5.000000, 0.000548
40.000000, 6.000000, 0.000646
40.000000, 7.000000, 0.000748
40.000000, 8.000000, 0.000852
40.000000, 9.000000, 0.000961
40.000000, 10.000000, 0.001073
40.000000, 11.000000, 0.001189
40.000000, 12.000000, 0.001308
40.000000, 13.000000, 0.001430
40.000000, 14.000000, 0.001553
40.000000, 15.000000, 0.001678
40.000000, 16.000000, 0.001802
40.000000, 17.000000, 0.001924
40.000000, 18.000000, 0.002041
40.000000, 19.000000, 0.002151
40.000000, 20.000000, 0.002251
40.000000, 21.000000, 0.002338
40.000000, 22.000000, 0.002409
40.000000, 23.000000, 0.002462
40.000000, 24.000000, 0.002494
40.000000, 25.000000, 0.002505
40.000000, 26.000000, 0.002493
40.000000, 27.000000, 0.002459
40.000000, 28.000000, 0.002404
40.000000, 29.000000, 0.002331
40.000000, 30.000000, 0.002241
40.000000, 31.000000, 0.002139
40.000000, 32.000000, 0.002027
40.000000, 33.000000, 0.001908
40.000000, 34.000000, 0.001784
40.000000, 35.000000, 0.001657
40.000000, 36.000000, 0.001530
40.000000, 37.000000, 0.001403
40.000000, 38.000000, 0.001279
40.000000, 39.000000, 0.001157
40.000000, 40.000000, 0.001037
40.000000, 41.000000, 0.000922
40.000000, 42.000000, 0.000809
40.000000, 43.000000, 0.000700
40.000000, 44.000000, 0.000594
40.000000, 45.000000, 0.000490
40.000000, 46.000000, 0.000389
40.000000, 47.000000, 0.000290
40.000000, 48.000000, 0.000193
40.000000, 49.000000, 0.000096
41.000000, 0.000000, 0.000079
41.000000, 1.000000, 0.000159
41.000000, 2.000000, 0.000240
41.000000, 3.000000, 0.000322
41.000000, 4.000000, 0.000405
41.000000, 5.000000, 0.000490
41.000000, 6.000000, 0.000578
41.000000, 7.000000, 0.000668
41.000000, 8.000000, 0.000760
41.000000, 9.000000, 0.000856
41.000000, 10.000000, 0.000954
41.000000, 11.000000, 0.001055
41.000000, 12.000000, 0.001158
41.000000, 13.000000, 0.001262
41.000000, 14.000000, 0.001368
41.000000, 15.000000, 0.001474
41.000000, 16.000000, 0.001579
41.000000, 17.000000, 0.001680
41.000000, 18.000000, 0.001778
41.000000, 19.000000, 0.001868
41.000000, 20.000000, 0.001950
41.000000, 21.000000, 0.002021
41.000000, 22.000000, 0.002079
41.000000, 23.000000, 0.002121
41.000000, 24.000000, 0.002147
41.000000, 25.000000, 0.002156
41.000000, 26.000000, 0.002146
41.000000, 27.000000, 0.002118
41.000000, 28.000000, 0.002074
41.000000, 29.000000, 0.002014
41.000000, 30.000000, 0.001942
41.000000, 31.000000, 0.001858
41.000000, 32.000000, 0.001765
41.000000, 33.000000, 0.001666
41.000000, 34.000000, 0.001562
41.000000, 35.000000, 0.001455
41.000000, 36.000000, 0.001347
41.000000, 37.000000, 0.001239
41.000000, 38.000000, 0.001131
41.000000, 39.000000, 0.001025
41.000000, 40.000000, 0.000922
41.000000, 41.000000, 0.000820
41.000000, 42.000000, 0.000721
41.000000, 43.000000, 0.000625
41.000000, 44.000000, 0.000530
41.000000, 45.000000, 0.000438
41.000000, 46.000000, 0.000348
41.000000, 47.000000, 0.000260
41.000000, 48.000000, 0.000173
41.000000, 49.000000, 0.000086
42.000000, 0.000000, 0.000070
42.000000, 1.000000, 0.000141
42.000000, 2.000000, 0.000212
42.000000, 3.000000, 0.000285
42.000000, 4.000000, 0.000358
42.000000, 5.000000, 0.000433
42.000000, 6.000000, 0.000510
42.000000, 7.000000, 0.000589
42.000000, 8.000000, 0.000670
42.000000, 9.000000, 0.000753
42.000000, 10.000000, 0.000838
42.000000, 11.000000, 0.000925
42.000000, 12.000000, 0.001013
42.000000, 13.000000, 0.001103
42.000000, 14.000000, 0.001192
42.000000, 15.000000, 0.001282
42.000000, 16.000000, 0.001369
42.000000, 17.000000, 0.001454
42.000000, 18.000000, 0.001535
42.000000, 19.000000, 0.001609
42.000000, 20.000000, 0.001676
42.000000, 21.000000, 0.001734
42.000000, 22.000000, 0.001781
42.000000, 23.000000, 0.001815
42.000000, 24.000000, 0.001836
42.000000, 25.000000, 0.001843
42.000000, 26.000000, 0.001834
42.000000, 27.000000, 0.001812
42.000000, 28.000000, 0.001776
42.000000, 29.000000, 0.001728
42.000000, 30.000000, 0.001669
42.000000, 31.000000, 0.001600
42.000000, 32.000000, 0.001524
42.000000, 33.000000, 0.001441
42.000000, 34.000000, 0.001354
42.000000, 35.000000, 0.001265
42.000000, 36.000000, 0.001173
42.000000, 37.000000, 0.001081
42.000000, 38.000000, 0.000990
42.000000, 39.000000, 0.000899
42.000000, 40.000000, 0.000809
42.000000, 41.000000, 0.000721
42.000000, 42.000000, 0.000635
42.000000, 43.000000, 0.000551
42.000000, 44.000000, 0.000468
42.000000, 45.000000, 0.000387
42.000000, 46.000000, 0.000308
42.000000, 47.000000, 0.000230
42.000000, 48.000000, 0.000153
42.000000, 49.000000, 0.000076
43.000000, 0.000000, 0.000061
43.000000, 1.000000, 0.000123
43.000000, 2.000000, 0.000185
43.000000, 3.000000, 0.000248
43.000000, 4.000000, 0.000312
43.000000, 5.000000, 0.000377
43.000000, 6.000000, 0.000444
43.000000, 7.000000, 0.000512
43.000000, 8.000000, 0.000582
43.000000, 9.000000, 0.000653
43.000000, 10.000000, 0.000725
43.000000, 11.000000, 0.000799
43.000000, 12.000000, 0.000874
43.000000, 13.000000, 0.000950
43.000000, 14.000000, 0.001025
43.000000, 15.000000, 0.001099
43.000000, 16.000000, 0.001172
43.000000, 17.000000, 0.001242
43.000000, 18.000000, 0.001309
43.000000, 19.000000, 0.001370
43.000000, 20.000000, 0.001424
43.000000, 21.000000, 0.001471
43.000000, 22.000000, 0.001509
43.000000, 23.000000, 0.001536
43.000000, 24.000000, 0.001553
43.000000, 25.000000, 0.001558
43.000000, 26.000000, 0.001552
43.000000, 27.000000, 0.001534
43.000000, 28.000000, 0.001505
43.000000, 29.000000, 0.001466
43.000000, 30.000000, 0.001418
43.000000, 31.000000, 0.001362
43.000000, 32.000000, 0.001299
43.000000, 33.000000, 0.001231
43.000000, 34.000000, 0.001159
43.000000, 35.000000, 0.001085
43.000000, 36.000000, 0.001008
43.000000, 37.000000, 0.000931
43.000000, 38.000000, 0.000853
43.000000, 39.000000, 0.000776
43.000000, 40.000000, 0.000700
43.000000, 41.000000, 0.000625
43.000000, 42.000000, 0.000551
43.000000, 43.000000, 0.000478
43.000000, 44.000000, 0.000407
43.000000, 45.000000, 0.000337
43.000000, 46.000000, 0.000268
43.000000, 47.000000, 0.000200
43.000000, 48.000000, 0.000133
43.000000, 49.000000, 0.000066
44.000000, 0.000000, 0.000052
44.000000, 1.000000, 0.000105
44.000000, 2.000000, 0.000158
44.000000, 3.000000, 0.000212
44.000000, 4.000000, 0.000266
44.000000, 5.000000, 0.000322
44.000000, 6.000000, 0.000378
44.000000, 7.000000, 0.000436
44.000000, 8.000000, 0.000495
44.000000, 9.000000, 0.000555
44.000000, 10.000000, 0.000616
44.000000, 11.000000, 0.000678
44.000000, 12.000000, 0.000740
44.000000, 13.000000, 0.000803
44.000000, 14.000000, 0.000865
44.000000, 15.000000, 0.000926
44.000000, 16.000000, 0.000986
44.000000, 17.000000, 0.001043
44.000000, 18.000000, 0.001097
44.000000, 19.000000, 0.001147
44.000000, 20.000000, 0.001190
44.000000, 21.000000, 0.001228
44.000000, 22.000000, 0.001258
44.000000, 23.000000, 0.001280
44.000000, 24.000000, 0.001294
44.000000, 25.000000, 0.001298
44.000000, 26.000000, 0.001292
44.000000, 27.000000, 0.001278
44.000000, 28.000000, 0.001255
44.000000, 29.000000, 0.001223
44.000000, 30.000000, 0.001185
44.000000, 31.000000, 0.001139
44.000000, 32.000000, 0.001089
44.000000, 33.000000, 0.001033
44.000000, 34.000000, 0.000975
44.000000, 35.000000, 0.000914
44.000000, 36.000000, 0.000850
44.000000, 37.000000, 0.000786
44.000000, 38.000000, 0.000722
44.000000, 39.000000, 0.000658
44.000000, 40.000000, 0.000594
44.000000, 41.000000, 0.000530
44.000000, 42.000000, 0.000468
44.000000, 43.000000, 0.000407
44.000000, 44.000000, 0.000346
44.000000, 45.000000, 0.000287
44.000000, 46.000000, 0.000228
44.000000, 47.000000, 0.000171
44.000000, 48.000000, 0.000113
44.000000, 49.000000, 0.000057
45.000000, 0.000000, 0.000044
45.000000, 1.000000, 0.000087
45.000000, 2.000000, 0.000131
45.000000, 3.000000, 0.000176
45.000000, 4.000000, 0.000221
45.000000, 5.000000, 0.000267
45.000000, 6.000000, 0.000314
45.000000, 7.000000, 0.000361
45.000000, 8.000000, 0.000410
45.000000, 9.000000, 0.000459
45.000000, 10.000000, 0.000509
45.000000, 11.000000, 0.000559
45.000000, 12.000000, 0.000610
45.000000, 13.000000, 0.000661
45.000000, 14.000000, 0.000711
45.000000, 15.000000, 0.000760
45.000000, 16.000000, 0.000809
45.000000, 17.000000, 0.000854
45.000000, 18.000000, 0.000897
45.000000, 19.000000, 0.000936
45.000000, 20.000000, 0.000971
45.000000, 21.000000, 0.001001
45.000000, 22.000000, 0.001025
45.000000, 23.000000, 0.001042
45.000000, 24.000000, 0.001052
45.000000, 25.000000, 0.001055
45.000000, 26.000000, 0.001051
45.000000, 27.000000, 0.001040
45.000000, 28.000000, 0.001022
45.000000, 29.000000, 0.000997
45.000000, 30.000000, 0.000966
45.000000, 31.000000, 0.000930
45.000000, 32.000000, 0.000890
45.000000, 33.000000, 0.000846
45.000000, 34.000000, 0.000799
45.000000, 35.000000, 0.000750
45.000000, 36.000000, 0.000699
45.000000, 37.000000, 0.000647
45.000000, 38.000000, 0.000595
45.000000, 39.000000, 0.000542
45.000000, 40.000000, 0.000490
45.000000, 41.000000, 0.000438
45.000000, 42.000000, 0.000387
45.000000, 43.000000, 0.000337
45.000000, 44.000000, 0.000287
45.000000, 45.000000, 0.000238
45.000000, 46.000000, 0.000189
45.000000, 47.000000, 0.000142
45.000000, 48.000000, 0.000094
45.000000, 49.000000, 0.000047
46.000000, 0.000000, 0.000035
46.000000, 1.000000, 0.000070
46.000000, 2.000000, 0.000105
46.000000, 3.000000, 0.000140
46.000000, 4.000000, 0.000176
46.000000, 5.000000, 0.000213
46.000000, 6.000000, 0.000250
46.000000, 7.000000, 0.000287
46.000000, 8.000000, 0.000326
46.000000, 9.000000, 0.000365
46.000000, 10.000000, 0.000404
46.000000, 11.000000, 0.000444
46.000000, 12.000000, 0.000484
46.000000, 13.000000, 0.000523
46.000000, 14.000000, 0.000563
46.000000, 15.000000, 0.000601
46.000000, 16.000000, 0.000638
46.000000, 17.000000, 0.000674
46.000000, 18.000000, 0.000707
46.000000, 19.000000, 0.000737
46.000000, 20.000000, 0.000764
46.000000, 21.000000, 0.000786
46.000000, 22.000000, 0.000805
46.000000, 23.000000, 0.000818
46.000000, 24.000000, 0.000826
46.000000, 25.000000, 0.000828
46.000000, 26.000000, 0.000825
46.000000, 27.000000, 0.000816
46.000000, 28.000000, 0.000802
46.000000, 29.000000, 0.000783
46.000000, 30.000000, 0.000760
46.000000, 31.000000, 0.000732
46.000000, 32.000000, 0.000701
46.000000, 33.000000, 0.000667
46.000000, 34.000000, 0.000631
46.000000, 35.000000, 0.000592
46.000000, 36.000000, 0.000553
46.000000, 37.000000, 0.000512
46.000000, 38.000000, 0.000471
46.000000, 39.000000, 0.000430
46.000000, 40.000000, 0.000389
46.000000, 41.000000, 0.000348
46.000000, 42.000000, 0.000308
46.000000, 43.000000, 0.000268
46.000000, 44.000000, 0.000228
46.000000, 45.000000, 0.000189
46.000000, 46.000000, 0.000151
46.000000, 47.000000, 0.000113
46.000000, 48.000000, 0.000075
46.000000, 49.000000, 0.000037
47.000000, 0.000000, 0.000026
47.000000, 1.000000, 0.000052
47.000000, 2.000000, 0.000078
47.000000, 3.000000, 0.000105
47.000000, 4.000000, 0.000132
47.000000, 5.000000, 0.000159
47.000000, 6.000000, 0.000187
47.000000, 7.000000, 0.000215
47.000000, 8.000000, 0.000243
47.000000, 9.000000, 0.000272
47.000000, 10.000000, 0.000301
47.000000, 11.000000, 0.000331
47.000000, 12.000000, 0.000360
47.000000, 13.000000, 0.000389
47.000000, 14.000000, 0.000418
47.000000, 15.000000, 0.000446
47.000000, 16.000000, 0.000474
47.000000, 17.000000, 0.000500
47.000000, 18.000000, 0.000524
47.000000, 19.000000, 0.000546
47.000000, 20.000000, 0.000565
47.000000, 21.000000, 0.000582
47.000000, 22.000000, 0.000595
47.000000, 23.000000, 0.000604
47.000000, 24.000000, 0.000610
47.000000, 25.000000, 0.000612
47.000000, 26.000000, 0.000609
47.000000, 27.000000, 0.000603
47.000000, 28.000000, 0.000593
47.000000, 29.000000, 0.000579
47.000000, 30.000000, 0.000562
47.000000, 31.000000, 0.000542
47.000000, 32.000000, 0.000519
47.000000, 33.000000, 0.000495
47.000000, 34.000000, 0.000468
47.000000, 35.000000, 0.000440
47.000000, 36.000000, 0.000411
47.000000, 37.000000, 0.000381
47.000000, 38.000000, 0.000351
47.000000, 39.000000, 0.000321
47.000000, 40.000000, 0.000290
47.000000, 41.000000, 0.000260
47.000000, 42.000000, 0.000230
47.000000, 43.000000, 0.000200
47.000000, 44.000000, 0.000171
47.000000, 45.000000, 0.000142
47.000000, 46.000000, 0.000113
47.000000, 47.000000, 0.000084
47.000000, 48.000000, 0.000056
47.000000, 49.000000, 0.000028
48.000000, 0.000000, 0.000017
48.000000, 1.000000, 0.000035
48.000000, 2.000000, 0.000052
48.000000, 3.000000, 0.000070
48.000000, 4.000000, 0.000088
48.000000, 5.000000, 0.000106
48.000000, 6.000000, 0.000124
48.000000, 7.000000, 0.000143
48.000000, 8.000000, 0.000162
48.000000, 9.000000, 0.000181
48.000000, 10.000000, 0.000200
48.000000, 11.000000, 0.000219
48.000000, 12.000000, 0.000239
48.000000, 13.000000, 0.000258
48.000000, 14.000000, 0.000277
48.000000, 15.000000, 0.000296
48.000000, 16.000000, 0.000313
48.000000, 17.000000, 0.000330
48.000000, 18.000000, 0.000346
48.000000, 19.000000, 0.000361
48.000000, 20.000000, 0.000373
48.000000, 21.000000, 0.000384
48.000000, 22.000000, 0.000392
48.000000, 23.000000, 0.000399
48.000000, 24.000000, 0.000402
48.000000, 25.000000, 0.000403
48.000000, 26.000000, 0.000402
48.000000, 27.000000, 0.000398
48.000000, 28.000000, 0.000391
48.000000, 29.000000, 0.000382
48.000000, 30.000000, 0.000371
48.000000, 31.000000, 0.000358
48.000000, 32.000000, 0.000343
48.000000, 33.000000, 0.000327
48.000000, 34.000000, 0.000310
48.000000, 35.000000, 0.000291
48.000000, 36.000000, 0.000272
48.000000, 37.000000, 0.000253
48.000000, 38.000000, 0.000233
48.000000, 39.000000, 0.000213
48.000000, 40.000000, 0.000193
48.000000, 41.000000, 0.000173
48.000000, 42.000000, 0.000153
48.000000, 43.000000, 0.000133
48.000000, 44.000000, 0.000113
48.000000, 45.000000, 0.000094
48.000000, 46.000000, 0.000075
48.000000, 47.000000, 0.000056
48.000000, 48.000000, 0.000037
48.000000, 49.000000, 0.000019
49.000000, 0.000000, 0.000009
49.000000, 1.000000, 0.000017
49.000000, 2.000000, 0.000026
49.000000, 3.000000, 0.000035
49.000000, 4.000000, 0.000044
49.000000, 5.000000, 0.000053
49.000000, 6.000000, 0.000062
49.000000, 7.000000, 0.000071
49.000000, 8.000000, 0.000081
49.000000, 9.000000, 0.000090
49.000000, 10.000000, 0.000100
49.000000, 11.000000, 0.000109
49.000000, 12.000000, 0.000119
49.000000, 13.000000, 0.000129
49.000000, 14.000000, 0.000138
49.000000, 15.000000, 0.000147
49.000000, 16.000000, 0.000156
49.000000, 17.000000, 0.000164
49.000000, 18.000000, 0.000172
49.000000, 19.000000, 0.000179
49.000000, 20.000000, 0.000186
49.000000, 21.000000, 0.000191
49.000000, 22.000000, 0.000195
49.000000, 23.000000, 0.000198
49.000000, 24.000000, 0.000200
49.000000, 25.000000, 0.000200
49.000000, 26.000000, 0.000200
49.000000, 27.000000, 0.000198
49.000000, 28.000000, 0.000194
49.000000, 29.000000, 0.000190
49.000000, 30.000000, 0.000185
49.000000, 31.000000, 0.000178
49.000000, 32.000000, 0.000171
49.000000, 33.000000, 0.000163
49.000000, 34.000000, 0.000154
49.000000, 35.000000, 0.000145
49.000000, 36.000000, 0.000136
49.000000, 37.000000, 0.000126
49.000000, 38.000000, 0.000116
49.000000, 39.000000, 0.000106
49.000000, 40.000000, 0.000096
49.000000, 41.000000, 0.000086
49.000000, 42.000000, 0.000076
49.000000, 43.000000, 0.000066
49.000000, 44.000000, 0.000057
49.000000, 45.000000, 0.000047
49.000000, 46.000000, 0.000037
49.000000, 47.000000, 0.000028
49.000000, 48.000000, 0.000019
49.000000, 49.000000, 0.000009
